41
LCT_GACR_10  0.0000000 0.0037224 0.3693443 0.3278115 0.3975652 0.4045438 0.4086665 0.4042607 0.3367835 0.3160546 0.2856821 0.2612046 0.2155459 0.2250843 0.2546894 0.2657949 0.3076393 0.3163735 0.3142110 0.2953032 0.2725163 0.2705458 0.2933635 0.2279475 0.2150180 0.2469884 0.2653601 0.2835403 0.2938709 0.2429969 0.2693020 0.2514186 0.2844892 0.2826861 0.2940225 0.3009741 0.3051783 0.3124773 0.3285577 0.3511319 0.3399963 
PCT_PPP1_01  0.0037224 0.0000000 0.4034472 0.3592230 0.4301373 0.4380622 0.4462283 0.4402756 0.3721573 0.3512354 0.3159920 0.2948808 0.2499855 0.2586720 0.2892004 0.2961200 0.3401017 0.3514400 0.3493172 0.3286768 0.3056852 0.3019140 0.3218843 0.2607194 0.2447745 0.2783818 0.2971857 0.3153323 0.3239920 0.2756692 0.3010318 0.2852703 0.3158524 0.3146078 0.3247628 0.3338858 0.3385623 0.3514549 0.3638338 0.3833971 0.3746599 
CAGT_VCLS_01 0.3693443 0.4034472 0.0000000 0.0112787 0.0212665 0.0253480 0.2272539 0.2305943 0.1819795 0.1782433 0.1359403 0.1352335 0.1544263 0.1645907 0.1781061 0.1882977 0.2604404 0.2612484 0.2596240 0.2382901 0.2091643 0.1975091 0.2278101 0.1495740 0.1543999 0.1804218 0.2026444 0.2169627 0.2182545 0.1752926 0.1959519 0.1826049 0.2056382 0.2122028 0.2160235 0.2207348 0.2217136 0.2617754 0.2768757 0.2861585 0.2784988 
CAGT_VCLS_02 0.3278115 0.3592230 0.0112787 0.0000000 0.0230097 0.0203022 0.2098639 0.2065208 0.1617654 0.1600588 0.1122784 0.1135011 0.1156254 0.1319059 0.1489762 0.1589812 0.2260136 0.2259712 0.2280934 0.2072763 0.1740630 0.1666857 0.1934362 0.1173895 0.1176195 0.1484080 0.1679076 0.1850382 0.1907671 0.1479742 0.1643726 0.1490648 0.1740140 0.1796803 0.1858789 0.1852121 0.1880319 0.2275062 0.2445644 0.2495080 0.2428208 
CAGT_STLC_01 0.3975652 0.4301373 0.0212665 0.0230097 0.0000000 0.0275197 0.2485225 0.2536310 0.2011179 0.2025634 0.1599096 0.1559964 0.1744623 0.1858726 0.2015835 0.2111129 0.2835797 0.2837638 0.2834576 0.2598708 0.2316976 0.2263392 0.2550185 0.1754169 0.1728208 0.1952962 0.2207112 0.2396009 0.2397880 0.1969105 0.2194245 0.2043642 0.2277379 0.2360650 0.2411582 0.2436863 0.2462677 0.2850284 0.3011010 0.3070859 0.2979128 
CAGT_STLC_02 0.4045438 0.4380622 0.0253480 0.0203022 0.0275197 0.0000000 0.2705680 0.2736482 0.2139497 0.2179536 0.1702303 0.1693914 0.1901607 0.2044834 0.2149270 0.2269662 0.2955124 0.3008731 0.3013177 0.2804715 0.2448020 0.2316273 0.2656227 0.1876110 0.1871775 0.2165017 0.2367735 0.2519345 0.2568395 0.2112466 0.2340020 0.2204637 0.2417760 0.2521478 0.2577045 0.2584972 0.2608175 0.3022183 0.3144584 0.3254843 0.3167017 
LKGT_UWLC_01 0.4086665 0.4462283 0.2272539 0.2098639 0.2485225 0.2705680 0.0000000 0.0120374 0.0548859 0.0458735 0.1160865 0.1161556 0.1710557 0.1739650 0.1922625 0.2124879 0.2780538 0.2825273 0.2769112 0.2599749 0.2205056 0.2197342 0.2504733 0.1596044 0.1593532 0.1849954 0.1908679 0.2385458 0.2361860 0.1851157 0.2035898 0.1895615 0.2116318 0.2255183 0.2250326 0.2320534 0.2345790 0.2703167 0.2770906 0.3092933 0.3032667 
LKGT_UWLC_02 0.4042607 0.4402756 0.2305943 0.2065208 0.2536310 0.2736482 0.0120374 0.0000000 0.0510609 0.0523854 0.1076988 0.1118342 0.1719334 0.1710229 0.1909401 0.2090608 0.2748504 0.2784911 0.2746307 0.2533876 0.2221806 0.2201403 0.2498050 0.1597191 0.1556147 0.1868979 0.1935424 0.2358216 0.2312471 0.1790917 0.2004128 0.1863700 0.2091828 0.2223428 0.2218892 0.2282240 0.2275179 0.2669228 0.2754367 0.3087711 0.2986878 
LKGT_SILV_01 0.3367835 0.3721573 0.1819795 0.1617654 0.2011179 0.2139497 0.0548859 0.0510609 0.0000000 0.0155144 0.0812843 0.0765196 0.1019606 0.1098654 0.1277523 0.1420135 0.2057754 0.2055307 0.2079969 0.1925490 0.1620522 0.1592090 0.1785381 0.1041811 0.1045078 0.1216340 0.1361358 0.1720307 0.1663378 0.1195019 0.1445264 0.1314541 0.1552562 0.1685612 0.1692229 0.1689186 0.1701869 0.2000577 0.2140288 0.2438130 0.2373861 
LKGT_SILV_02 0.3160546 0.3512354 0.1782433 0.1600588 0.2025634 0.2179536 0.0458735 0.0523854 0.0155144 0.0000000 0.0749047 0.0812775 0.1041770 0.1120558 0.1263143 0.1445280 0.2004428 0.2043625 0.2083126 0.1815041 0.1510190 0.1552036 0.1842584 0.0917003 0.1031603 0.1137658 0.1346526 0.1654776 0.1665881 0.1170152 0.1394346 0.1266048 0.1517771 0.1580754 0.1639540 0.1674356 0.1696851 0.1981265 0.1946425 0.2421238 0.2269173 
KRNB_CHGC_01 0.2856821 0.3159920 0.1359403 0.1122784 0.1599096 0.1702303 0.1160865 0.1076988 0.0812843 0.0749047 0.0000000 0.0153387 0.0631100 0.0733190 0.0923804 0.1000462 0.1700244 0.1616428 0.1589399 0.1390688 0.1192325 0.1115760 0.1403614 0.0667485 0.0671052 0.0834197 0.0956941 0.1274893 0.1272494 0.0780792 0.0982572 0.0892812 0.1112415 0.1141284 0.1133725 0.1220388 0.1257230 0.1575262 0.1771233 0.1921024 0.1783647 
KRNB_KKWC_01 0.2612046 0.2948808 0.1352335 0.1135011 0.1559964 0.1693914 0.1161556 0.1118342 0.0765196 0.0812775 0.0153387 0.0000000 0.0496635 0.0643725 0.0763246 0.0864780 0.1471327 0.1494980 0.1382385 0.1230942 0.1078924 0.1043728 0.1338521 0.0515449 0.0529146 0.0704872 0.0834557 0.1137114 0.1192815 0.0687610 0.0822500 0.0754841 0.1015675 0.1034250 0.1045627 0.1136933 0.1121093 0.1426760 0.1577515 0.1717142 0.1652496 
REDB_CTWD_01 0.2155459 0.2499855 0.1544263 0.1156254 0.1744623 0.1901607 0.1710557 0.1719334 0.1019606 0.1041770 0.0631100 0.0496635 0.0000000 0.0107545 0.0237926 0.0219421 0.0628042 0.0603893 0.0713454 0.0524610 0.0787512 0.0669266 0.0887605 0.0298037 0.0242193 0.0514072 0.0636801 0.0699924 0.0740970 0.0377196 0.0527299 0.0424982 0.0644645 0.0684614 0.0762797 0.0716713 0.0744788 0.0865194 0.1107779 0.1212735 0.1081494 
REDB_CTWD_02 0.2250843 0.2586720 0.1645907 0.1319059 0.1858726 0.2044834 0.1739650 0.1710229 0.1098654 0.1120558 0.0733190 0.0643725 0.0107545 0.0000000 0.0273471 0.0293784 0.0684799 0.0621311 0.0769438 0.0573766 0.0873883 0.0797873 0.1029970 0.0362539 0.0319605 0.0573424 0.0736381 0.0869442 0.0853281 0.0477232 0.0614942 0.0544178 0.0812585 0.0768897 0.0829775 0.0842256 0.0882268 0.1020887 0.1254828 0.1336773 0.1258409 
REDB_DISM_01 0.2546894 0.2892004 0.1781061 0.1489762 0.2015835 0.2149270 0.1922625 0.1909401 0.1277523 0.1263143 0.0923804 0.0763246 0.0237926 0.0273471 0.0000000 0.0219295 0.0547391 0.0624333 0.0688657 0.0538769 0.0961575 0.0898006 0.1148567 0.0463228 0.0406399 0.0723224 0.0834422 0.0937229 0.0926550 0.0612903 0.0755647 0.0689153 0.0914743 0.0952241 0.0964000 0.1015580 0.1039616 0.1051511 0.1249415 0.1312893 0.1093117 
REDB_DISM_03 0.2657949 0.2961200 0.1882977 0.1589812 0.2111129 0.2269662 0.2124879 0.2090608 0.1420135 0.1445280 0.1000462 0.0864780 0.0219421 0.0293784 0.0219295 0.0000000 0.0531299 0.0533298 0.0640295 0.0529849 0.1171357 0.1081145 0.1343579 0.0556932 0.0538913 0.0834931 0.0988355 0.1123369 0.1078526 0.0716132 0.0884193 0.0803268 0.1038060 0.1098032 0.1132471 0.1138604 0.1173982 0.1214236 0.1483417 0.1414512 0.1247840 
REDB_SHLD_01 0.3076393 0.3401017 0.2604404 0.2260136 0.2835797 0.2955124 0.2780538 0.2748504 0.2057754 0.2004428 0.1700244 0.1471327 0.0628042 0.0684799 0.0547391 0.0531299 0.0000000 0.0522862 0.0857755 0.0823182 0.1672148 0.1596576 0.1923448 0.1094051 0.1122859 0.1328394 0.1478460 0.1549152 0.1627303 0.1279974 0.1424436 0.1320778 0.1575506 0.1590435 0.1659007 0.1704903 0.1728562 0.1912463 0.2067759 0.2022310 0.1902996 
REDB_SHLD_02 0.3163735 0.3514400 0.2612484 0.2259712 0.2837638 0.3008731 0.2825273 0.2784911 0.2055307 0.2043625 0.1616428 0.1494980 0.0603893 0.0621311 0.0624333 0.0533298 0.0522862 0.0000000 0.0830291 0.0775383 0.1648189 0.1562970 0.1810654 0.1101302 0.1036919 0.1329453 0.1497305 0.1542037 0.1587644 0.1261144 0.1379711 0.1294184 0.1578627 0.1573540 0.1630036 0.1660235 0.1662238 0.1792075 0.1994831 0.2029974 0.1857850 
REDB_FTZH_02 0.3142110 0.3493172 0.2596240 0.2280934 0.2834576 0.3013177 0.2769112 0.2746307 0.2079969 0.2083126 0.1589399 0.1382385 0.0713454 0.0769438 0.0688657 0.0640295 0.0857755 0.0830291 0.0000000 0.0348686 0.1707675 0.1718131 0.1892622 0.1147755 0.1086703 0.1377856 0.1494492 0.1626388 0.1671472 0.1323979 0.1486470 0.1402783 0.1615291 0.1671780 0.1676317 0.1721810 0.1754057 0.1930425 0.2058411 0.1982721 0.1875258 
REDB_FTZH_05 0.2953032 0.3286768 0.2382901 0.2072763 0.2598708 0.2804715 0.2599749 0.2533876 0.1925490 0.1815041 0.1390688 0.1230942 0.0524610 0.0573766 0.0538769 0.0529849 0.0823182 0.0775383 0.0348686 0.0000000 0.1481505 0.1458935 0.1695216 0.0907607 0.0951135 0.1156525 0.1298693 0.1453217 0.1381110 0.1164598 0.1280847 0.1151636 0.1447673 0.1421459 0.1435048 0.1541023 0.1555761 0.1642079 0.1823502 0.1863669 0.1665097 
RAIN_EGLK_01 0.2725163 0.3056852 0.2091643 0.1740630 0.2316976 0.2448020 0.2205056 0.2221806 0.1620522 0.1510190 0.1192325 0.1078924 0.0787512 0.0873883 0.0961575 0.1171357 0.1672148 0.1648189 0.1707675 0.1481505 0.0000000 0.0444555 0.0486889 0.0677801 0.0731302 0.0965122 0.1085025 0.1157924 0.1130482 0.0953736 0.1141652 0.1018260 0.1251668 0.1288860 0.1332914 0.1374558 0.1375368 0.1620218 0.1720661 0.2136098 0.2012110 
RAIN_EGLK_02 0.2705458 0.3019140 0.1975091 0.1666857 0.2263392 0.2316273 0.2197342 0.2201403 0.1592090 0.1552036 0.1115760 0.1043728 0.0669266 0.0797873 0.0898006 0.1081145 0.1596576 0.1562970 0.1718131 0.1458935 0.0444555 0.0000000 0.0471372 0.0616219 0.0664225 0.0894675 0.1028690 0.0967041 0.0978624 0.0956457 0.1116053 0.1000884 0.1248626 0.1308185 0.1332626 0.1325948 0.1307291 0.1481436 0.1617919 0.2004794 0.1913786 
RAIN_EGLK_04 0.2933635 0.3218843 0.2278101 0.1934362 0.2550185 0.2656227 0.2504733 0.2498050 0.1785381 0.1842584 0.1403614 0.1338521 0.0887605 0.1029970 0.1148567 0.1343579 0.1923448 0.1810654 0.1892622 0.1695216 0.0486889 0.0471372 0.0000000 0.0812548 0.0906593 0.1055002 0.1179079 0.1194460 0.1271312 0.1186995 0.1311987 0.1267145 0.1457090 0.1462130 0.1520397 0.1566784 0.1557437 0.1801268 0.1969431 0.2325065 0.2182717 
STLH_LYBA_01 0.2279475 0.2607194 0.1495740 0.1173895 0.1754169 0.1876110 0.1596044 0.1597191 0.1041811 0.0917003 0.0667485 0.0515449 0.0298037 0.0362539 0.0463228 0.0556932 0.1094051 0.1101302 0.1147755 0.0907607 0.0677801 0.0616219 0.0812548 0.0000000 0.0250514 0.0405951 0.0472037 0.0600244 0.0734716 0.0407279 0.0604479 0.0496713 0.0742294 0.0730235 0.0759040 0.0808073 0.0816187 0.0978041 0.1103580 0.1338074 0.1218122 
STLH_LYBA_02 0.2150180 0.2447745 0.1543999 0.1176195 0.1728208 0.1871775 0.1593532 0.1556147 0.1045078 0.1031603 0.0671052 0.0529146 0.0242193 0.0319605 0.0406399 0.0538913 0.1122859 0.1036919 0.1086703 0.0951135 0.0731302 0.0664225 0.0906593 0.0250514 0.0000000 0.0439045 0.0505525 0.0633960 0.0608334 0.0410795 0.0607755 0.0505762 0.0703408 0.0707444 0.0806458 0.0781127 0.0815849 0.1075386 0.1110102 0.1383266 0.1317904 
RAIN_NFAR_02 0.2469884 0.2783818 0.1804218 0.1484080 0.1952962 0.2165017 0.1849954 0.1868979 0.1216340 0.1137658 0.0834197 0.0704872 0.0514072 0.0573424 0.0723224 0.0834931 0.1328394 0.1329453 0.1377856 0.1156525 0.0965122 0.0894675 0.1055002 0.0405951 0.0439045 0.0000000 0.0371319 0.0879978 0.1048243 0.0671820 0.0858015 0.0738714 0.0943005 0.0973497 0.1052962 0.1048610 0.1087241 0.1126032 0.1236811 0.1580598 0.1449890 
RAIN_NFAR_05 0.2653601 0.2971857 0.2026444 0.1679076 0.2207112 0.2367735 0.1908679 0.1935424 0.1361358 0.1346526 0.0956941 0.0834557 0.0636801 0.0736381 0.0834422 0.0988355 0.1478460 0.1497305 0.1494492 0.1298693 0.1085025 0.1028690 0.1179079 0.0472037 0.0505525 0.0371319 0.0000000 0.1028390 0.1106311 0.0718392 0.0982103 0.0843152 0.0990259 0.1060446 0.1110512 0.1125564 0.1146300 0.1408935 0.1504296 0.1786917 0.1588770 
HRNB_COLE_01 0.2835403 0.3153323 0.2169627 0.1850382 0.2396009 0.2519345 0.2385458 0.2358216 0.1720307 0.1654776 0.1274893 0.1137114 0.0699924 0.0869442 0.0937229 0.1123369 0.1549152 0.1542037 0.1626388 0.1453217 0.1157924 0.0967041 0.1194460 0.0600244 0.0633960 0.0879978 0.1028390 0.0000000 0.0519541 0.0921295 0.1122182 0.1064564 0.1280661 0.1321217 0.1365627 0.1329442 0.1366497 0.1511671 0.1605459 0.2025334 0.1873289 
HRNB_COLE_02 0.2938709 0.3239920 0.2182545 0.1907671 0.2397880 0.2568395 0.2361860 0.2312471 0.1663378 0.1665881 0.1272494 0.1192815 0.0740970 0.0853281 0.0926550 0.1078526 0.1627303 0.1587644 0.1671472 0.1381110 0.1130482 0.0978624 0.1271312 0.0734716 0.0608334 0.1048243 0.1106311 0.0519541 0.0000000 0.0916061 0.1123042 0.1012105 0.1237035 0.1215152 0.1286949 0.1318264 0.1340265 0.1358995 0.1564066 0.1910498 0.1779334 
REDB_DRYC_01 0.2429969 0.2756692 0.1752926 0.1479742 0.1969105 0.2112466 0.1851157 0.1790917 0.1195019 0.1170152 0.0780792 0.0687610 0.0377196 0.0477232 0.0612903 0.0716132 0.1279974 0.1261144 0.1323979 0.1164598 0.0953736 0.0956457 0.1186995 0.0407279 0.0410795 0.0671820 0.0718392 0.0921295 0.0916061 0.0000000 0.0108021 0.0173233 0.0267011 0.0298911 0.0289103 0.0287000 0.0304901 0.1254045 0.1455307 0.1633794 0.1475810 
REDB_DRYC_03 0.2693020 0.3010318 0.1959519 0.1643726 0.2194245 0.2340020 0.2035898 0.2004128 0.1445264 0.1394346 0.0982572 0.0822500 0.0527299 0.0614942 0.0755647 0.0884193 0.1424436 0.1379711 0.1486470 0.1280847 0.1141652 0.1116053 0.1311987 0.0604479 0.0607755 0.0858015 0.0982103 0.1122182 0.1123042 0.0108021 0.0000000 0.0195213 0.0279580 0.0251502 0.0327044 0.0340602 0.0281845 0.1352641 0.1551384 0.1737353 0.1567978 
REDB_SHPN_01 0.2514186 0.2852703 0.1826049 0.1490648 0.2043642 0.2204637 0.1895615 0.1863700 0.1314541 0.1266048 0.0892812 0.0754841 0.0424982 0.0544178 0.0689153 0.0803268 0.1320778 0.1294184 0.1402783 0.1151636 0.1018260 0.1000884 0.1267145 0.0496713 0.0505762 0.0738714 0.0843152 0.1064564 0.1012105 0.0173233 0.0195213 0.0000000 0.0070854 0.0252400 0.0295096 0.0265227 0.0256369 0.1276557 0.1476394 0.1715037 0.1561315 
REDB_SHPN_02 0.2844892 0.3158524 0.2056382 0.1740140 0.2277379 0.2417760 0.2116318 0.2091828 0.1552562 0.1517771 0.1112415 0.1015675 0.0644645 0.0812585 0.0914743 0.1038060 0.1575506 0.1578627 0.1615291 0.1447673 0.1251668 0.1248626 0.1457090 0.0742294 0.0703408 0.0943005 0.0990259 0.1280661 0.1237035 0.0267011 0.0279580 0.0070854 0.0000000 0.0299355 0.0343864 0.0345209 0.0343975 0.1513701 0.1648617 0.1887497 0.1745498 
REDB_EDSN_01 0.2826861 0.3146078 0.2122028 0.1796803 0.2360650 0.2521478 0.2255183 0.2223428 0.1685612 0.1580754 0.1141284 0.1034250 0.0684614 0.0768897 0.0952241 0.1098032 0.1590435 0.1573540 0.1671780 0.1421459 0.1288860 0.1308185 0.1462130 0.0730235 0.0707444 0.0973497 0.1060446 0.1321217 0.1215152 0.0298911 0.0251502 0.0252400 0.0299355 0.0000000 0.0049505 0.0305699 0.0304298 0.1562605 0.1718888 0.1938722 0.1785982 
REDB_EDSN_04 0.2940225 0.3247628 0.2160235 0.1858789 0.2411582 0.2577045 0.2250326 0.2218892 0.1692229 0.1639540 0.1133725 0.1045627 0.0762797 0.0829775 0.0964000 0.1132471 0.1659007 0.1630036 0.1676317 0.1435048 0.1332914 0.1332626 0.1520397 0.0759040 0.0806458 0.1052962 0.1110512 0.1365627 0.1286949 0.0289103 0.0327044 0.0295096 0.0343864 0.0049505 0.0000000 0.0391437 0.0383020 0.1630480 0.1795953 0.1985744 0.1833218 
REDB_MOHD_01 0.3009741 0.3338858 0.2207348 0.1852121 0.2436863 0.2584972 0.2320534 0.2282240 0.1689186 0.1674356 0.1220388 0.1136933 0.0716713 0.0842256 0.1015580 0.1138604 0.1704903 0.1660235 0.1721810 0.1541023 0.1374558 0.1325948 0.1566784 0.0808073 0.0781127 0.1048610 0.1125564 0.1329442 0.1318264 0.0287000 0.0340602 0.0265227 0.0345209 0.0305699 0.0391437 0.0000000 0.0068116 0.1630558 0.1821568 0.2046251 0.1871758 
REDB_MOHD_02 0.3051783 0.3385623 0.2217136 0.1880319 0.2462677 0.2608175 0.2345790 0.2275179 0.1701869 0.1696851 0.1257230 0.1121093 0.0744788 0.0882268 0.1039616 0.1173982 0.1728562 0.1662238 0.1754057 0.1555761 0.1375368 0.1307291 0.1557437 0.0816187 0.0815849 0.1087241 0.1146300 0.1366497 0.1340265 0.0304901 0.0281845 0.0256369 0.0343975 0.0304298 0.0383020 0.0068116 0.0000000 0.1673545 0.1874843 0.2127961 0.1909341 
CRRB_JCKS_01 0.3124773 0.3514549 0.2617754 0.2275062 0.2850284 0.3022183 0.2703167 0.2669228 0.2000577 0.1981265 0.1575262 0.1426760 0.0865194 0.1020887 0.1051511 0.1214236 0.1912463 0.1792075 0.1930425 0.1642079 0.1620218 0.1481436 0.1801268 0.0978041 0.1075386 0.1126032 0.1408935 0.1511671 0.1358995 0.1254045 0.1352641 0.1276557 0.1513701 0.1562605 0.1630480 0.1630558 0.1673545 0.0000000 0.0964733 0.1064941 0.0939843 
CRRB_JCKS_02 0.3285577 0.3638338 0.2768757 0.2445644 0.3011010 0.3144584 0.2770906 0.2754367 0.2140288 0.1946425 0.1771233 0.1577515 0.1107779 0.1254828 0.1249415 0.1483417 0.2067759 0.1994831 0.2058411 0.1823502 0.1720661 0.1617919 0.1969431 0.1103580 0.1110102 0.1236811 0.1504296 0.1605459 0.1564066 0.1455307 0.1551384 0.1476394 0.1648617 0.1718888 0.1795953 0.1821568 0.1874843 0.0964733 0.0000000 0.1229883 0.1185870 
CRRB_FAWN_01 0.3511319 0.3833971 0.2861585 0.2495080 0.3070859 0.3254843 0.3092933 0.3087711 0.2438130 0.2421238 0.1921024 0.1717142 0.1212735 0.1336773 0.1312893 0.1414512 0.2022310 0.2029974 0.1982721 0.1863669 0.2136098 0.2004794 0.2325065 0.1338074 0.1383266 0.1580598 0.1786917 0.2025334 0.1910498 0.1633794 0.1737353 0.1715037 0.1887497 0.1938722 0.1985744 0.2046251 0.2127961 0.1064941 0.1229883 0.0000000 0.0393513 
CRRB_FAWN_02 0.3399963 0.3746599 0.2784988 0.2428208 0.2979128 0.3167017 0.3032667 0.2986878 0.2373861 0.2269173 0.1783647 0.1652496 0.1081494 0.1258409 0.1093117 0.1247840 0.1902996 0.1857850 0.1875258 0.1665097 0.2012110 0.1913786 0.2182717 0.1218122 0.1317904 0.1449890 0.1588770 0.1873289 0.1779334 0.1475810 0.1567978 0.1561315 0.1745498 0.1785982 0.1833218 0.1871758 0.1909341 0.0939843 0.1185870 0.0393513 0.0000000 
