0.06044310629918463879 0.00000000099999999997 0.81616567845347121057 0.12339121324734413088 0.00000000099999999997 
0.04611618045012959299 0.02111829897446233090 0.83962794168393706240 0.09313757789147103505 0.00000000099999999999 
0.03962935881336233229 0.00000000099999999997 0.88125240388101278022 0.07911823530562474283 0.00000000099999999997 
0.01801134685969055585 0.01200773470758739053 0.87338622055786130360 0.09659469687486077483 0.00000000099999999998 
0.01247777637302463494 0.00000000099999999998 0.90155306133646173627 0.08596916029051357433 0.00000000099999999998 
0.00000000099999999995 0.00000000099999999995 0.00000000099999999995 0.36461103648462106497 0.63538896051537896437 
0.00000000099999999992 0.00000000099999999992 0.00000000099999999992 0.37574685692975362539 0.62425314007024645946 
0.00000000099999999997 0.00000000099999999997 0.00000000099999999997 0.34891358416983547786 0.65108641283016455148 
0.00000000099999999993 0.00000000099999999993 0.00000000099999999993 0.34084566551153472336 0.65915433148846525047 
0.00000000099999999992 0.00000000099999999992 0.00000000099999999992 0.32968837034699910449 0.67031162665300103587 
0.00000000099999999993 0.00000000099999999993 0.00000000099999999993 0.06714770721701404654 0.93285228978298595504 
0.00000000099999999991 0.00000000099999999991 0.00000000099999999991 0.03662030759850231493 0.96337968940149776298 
0.00000000099999999991 0.00000000099999999991 0.00000000099999999991 0.05116307337176415060 0.94883692362823590649 
0.00000000099999999990 0.00000000099999999990 0.00000000099999999990 0.06566000298722851625 0.93433999401277156860 
0.00000000099999999990 0.00000000099999999990 0.00000000099999999990 0.07228943066301542208 0.92771056633698467664 
0.91741539794365833949 0.00014588650109375402 0.00000000099999999996 0.08243871355524784450 0.00000000099999999996 
0.98049041288745608647 0.00000000099999999995 0.00000000099999999995 0.01950958411254394287 0.00000000099999999995 
0.99999999600000011313 0.00000000099999999992 0.00000000099999999992 0.00000000099999999992 0.00000000099999999992 
0.99999999600000000211 0.00000000099999999976 0.00000000099999999976 0.00000000099999999976 0.00000000099999999976 
0.99999999600000011313 0.00000000099999999988 0.00000000099999999988 0.00000000099999999988 0.00000000099999999988 
0.04620224474343996579 0.05774498753235118159 0.63872389083642078234 0.25732887588778807775 0.00000000099999999999 
0.04719317337786284317 0.06922168772943194937 0.67202253751965668194 0.21156260037304849830 0.00000000099999999998 
0.08155107096867915406 0.06595494488856280813 0.58870946774069066176 0.26378451540206732107 0.00000000099999999998 
0.04763558338552834753 0.08946732711234803292 0.57505485054859883931 0.28784223795352470443 0.00000000100000000000 
0.04132997735152411228 0.09773909490090686158 0.60004484788166689846 0.26088607885535997077 0.00000000101054218552 
0.00001657213524123094 0.09251023836139195267 0.82144294106437343306 0.08253589620782847414 0.00349435223116499995 
0.00466295921338451876 0.07176980969188583026 0.82165784656229479133 0.10143108218407181909 0.00047830234836306415 
0.01887571850259681799 0.11516189260748950496 0.79943175508373098825 0.06653063280618261299 0.00000000100000000000 
0.00000000099999999995 0.00000011992263660416 0.00000000099999999995 0.07014174549960722205 0.92985813257775629115 
0.00000000099999999994 0.00428436253869849196 0.00000000099999999994 0.11268440141716777603 0.88303123404413363939 
0.00000000099999999991 0.00000000099999999991 0.00000000099999999991 0.06728209244127369981 0.93271790455872638503 
0.99999999600000011313 0.00000000099999999985 0.00000000099999999985 0.00000000099999999985 0.00000000099999999985 
0.99999999600000011313 0.00000000099999999993 0.00000000099999999993 0.00000000099999999993 0.00000000099999999993 
0.99999999600000011313 0.00000000099999999988 0.00000000099999999988 0.00000000099999999988 0.00000000099999999988 
0.99999999600000011313 0.00000000099999999985 0.00000000099999999985 0.00000000099999999985 0.00000000099999999985 
0.99999999600000011313 0.00000000099999999983 0.00000000099999999983 0.00000000099999999983 0.00000000099999999983 
0.09722156984775677524 0.03501862860639722019 0.86775979954584603338 0.00000000099999999998 0.00000000099999999998 
0.07858824131562579252 0.06055036343438778557 0.85228971967002375987 0.00857167457996270248 0.00000000099999999998 
0.04724355108430648709 0.00000000099999999994 0.86884560012417422215 0.08391084679151934733 0.00000000099999999994 
0.03243832906090027279 0.00000000099999999994 0.89377948479789204317 0.07378218414120771285 0.00000000099999999994 
0.03130652852853939294 0.00000000099999999995 0.85844473208181126811 0.11024873738964943715 0.00000000099999999995 
0.18465812931936184671 0.00000000099999999995 0.81293816136673513473 0.00240370731390300097 0.00000000099999999995 
0.17599860226664010288 0.00000000099999999995 0.82400139473335975993 0.00000000099999999995 0.00000000099999999995 
0.18951335272918123920 0.00000000099999999994 0.81048664427081873463 0.00000000099999999994 0.00000000099999999994 
0.19080116158094911905 0.00000000099999999997 0.80767804480874605400 0.00152079161030482888 0.00000000099999999997 
0.20960819647257092346 0.00000000099999999997 0.79039180052742907812 0.00000000099999999997 0.00000000099999999997 
0.00000000099999999988 0.00000000099999999988 0.00000000099999999988 0.04119220601160791806 0.95880779098839219454 
0.00000000099999999993 0.00000000099999999993 0.00000000099999999993 0.04040427555831724998 0.95959572144168281405 
0.00000000099999999989 0.00000000099999999989 0.00000000099999999989 0.04382074895461618436 0.95617924804538378947 
0.00000000099999999990 0.00000000099999999990 0.00000000099999999990 0.00002849323385356806 0.99997150376614651890 
0.00000000099999999994 0.00000000099999999994 0.00000000099999999994 0.03668345573406334853 0.96331654126593668774 
0.64447731740916602838 0.09386666803804759318 0.12781739266748956552 0.13383862088529679957 0.00000000100000000000 
0.63693654471257599159 0.06926809049376596306 0.13581552535140059557 0.15741130774737691067 0.00056853169488046951 
0.74352042644622406975 0.05175169860637525432 0.13119003627667230605 0.07353783767072842592 0.00000000100000000000 
0.69582169751414424397 0.08492259780427323379 0.12634984514105473963 0.09025331362386294909 0.00265254591666490768 
0.72600038431726077182 0.09444796439120335674 0.10817152693881271208 0.07138012335272322928 0.00000000099999999999 
0.00000000099999999996 0.19419459785007384123 0.80580539914992610484 0.00000000099999999996 0.00000000099999999996 
0.00000000099999999993 0.19791825619305944417 0.80208174080694061292 0.00000000099999999993 0.00000000099999999993 
0.00000000099999999994 0.18650120717286733374 0.81349878982713252906 0.00000000099999999994 0.00000000099999999994 
0.00000000099999999993 0.17575799739286335210 0.82424199960713662172 0.00000000099999999993 0.00000000099999999993 
0.00000000099999999993 0.18641448473357014048 0.81358551226642994436 0.00000000099999999993 0.00000000099999999993 
0.05779341489613132321 0.00000000099999999997 0.85465634955785718674 0.08755023354601138008 0.00000000099999999997 
0.03625239362016358796 0.00000000099999999998 0.91978188156946061316 0.04396572281037581381 0.00000000099999999998 
0.06891059135755411846 0.00002738202600049016 0.87495945522401719074 0.05610257039242808746 0.00000000099999999999 
0.08487923112387386892 0.00000000099999999996 0.88629487050072763843 0.02882589637539842084 0.00000000099999999996 
0.10132732745722403123 0.00000000099999999997 0.85387387792890134808 0.04479879261387469808 0.00000000099999999997 
0.00000000099999999946 0.00000000099999999946 0.00000000099999999946 0.00000000099999999946 0.99999999599999989108 
0.00000000099999999976 0.00000000099999999976 0.00000000099999999976 0.00000000099999999976 0.99999999599999989108 
0.00000000099999999965 0.00000000099999999965 0.00000000099999999965 0.00000000099999999965 0.99999999600000000211 
0.00000000099999999951 0.00000000099999999951 0.00000000099999999951 0.00000000099999999951 0.99999999599999989108 
0.00000000099999999961 0.00000000099999999961 0.00000000099999999961 0.00000000099999999961 0.99999999599999989108 
0.13016400304514966213 0.00000000099999999994 0.24960232040341642779 0.62023367455143385563 0.00000000099999999994 
0.08659838677198894441 0.00000000099999999993 0.28906278678062358178 0.62433882444738741935 0.00000000099999999993 
0.09772283926677005628 0.00000000099999999994 0.25587239515238463516 0.64640476358084519859 0.00000000099999999994 
0.07556486460183099718 0.00000000099999999995 0.27069549907525514154 0.65373963432291370967 0.00000000099999999995 
0.09655013577561531724 0.00000000099999999994 0.24552774103515939697 0.65792212118922532849 0.00000000099999999994 
0.16969985323219560769 0.00469444887016210073 0.71792996641684658776 0.10767573048079562281 0.00000000099999999998 
0.19479412632485981760 0.00522133949816308736 0.69682318687699518200 0.10316134629998192918 0.00000000099999999997 
0.14033724079307116628 0.00472820421831141990 0.73151136173470765467 0.12342319225390978310 0.00000000099999999998 
0.15013023434459174532 0.01328783479614251486 0.71764632730697319740 0.11893560255229242151 0.00000000099999999999 
0.20470734639687104828 0.03148335662907961185 0.68931312195362870465 0.07449617402042064962 0.00000000099999999999 
0.01728039140193785711 0.00000000099999999996 0.98271960559806215141 0.00000000099999999996 0.00000000099999999996 
0.03708926898721064125 0.00000000099999999996 0.96291072801278931870 0.00000000099999999996 0.00000000099999999996 
0.03088185970705796882 0.00000000099999999995 0.96911813729294216113 0.00000000099999999995 0.00000000099999999995 
0.01752618777803133590 0.00000000099999999993 0.98247380922196869690 0.00000000099999999993 0.00000000099999999993 
0.05874463408066565862 0.00000000099999999996 0.94125536291933431521 0.00000000099999999996 0.00000000099999999996 
0.01331331004942538747 0.08533438300108055208 0.75160532986929839971 0.14676203311819271957 0.00298494396200295635 
0.04144374926722989988 0.08681481276256042268 0.75275305924180790917 0.11535851808183557321 0.00362986064656615820 
0.02609916561157993656 0.09159922738824380350 0.75221972586239926883 0.13008188013777693959 0.00000000100000000000 
0.01371687367605432459 0.12368574476877092216 0.68983098663785835658 0.16843179234461594374 0.00433460257270036620 
0.00000000100000000000 0.14068033458941919811 0.68967366298441479255 0.16964027366379974548 0.00000572776236634913 
0.85698133736448767195 0.00000000099999999997 0.00132410385645321095 0.14169455677905909430 0.00000000099999999997 
0.88668384346523532180 0.00000000099999999996 0.00000000099999999996 0.11331615353476476304 0.00000000099999999996 
0.87271179705587809128 0.00000000099999999995 0.00000000099999999995 0.12728819994412199357 0.00000000099999999995 
0.87768337828584264138 0.00000000099999999995 0.00000000099999999995 0.12231661871415736020 0.00000000099999999995 
0.91640008355808333373 0.00000000099999999996 0.00000000099999999996 0.08359991344191659846 0.00000000099999999996 
0.00000000099999999981 0.00000000099999999981 0.00000000099999999981 0.99999999600000000211 0.00000000099999999981 
0.00000000099999999981 0.00000000099999999981 0.00000000099999999981 0.99999999599999989108 0.00000000099999999981 
0.00000000099999999981 0.00000000099999999981 0.00000000099999999981 0.99999999599999989108 0.00000000099999999981 
0.00000000099999999999 0.38310751423631717039 0.10940606412595273167 0.50748641963772989083 0.00000000099999999999 
0.00000000099999999999 0.22508300559034946642 0.04729839275028408646 0.72761859965936637185 0.00000000099999999999 
0.00000000099999999993 0.00000000099999999993 0.00000000099999999993 0.27141902847116267106 0.72858096852883724726 
0.00000000099999999999 0.09161348287363633991 0.00000000099999999999 0.21130670685648428320 0.69707980826987947509 
0.00000000099999999989 0.00000000099999999989 0.00000000099999999989 0.21588563088021936465 0.78411436611978058142 
0.00000000099999999991 0.00000000099999999991 0.00000000099999999991 0.25804407695363823505 0.74195592004636179428 
0.00000000099999999991 0.00000000099999999991 0.00000000099999999991 0.20979084112505977378 0.79020915587494022780 
0.00000000099999999994 0.00000000099999999994 0.00000000099999999994 0.33685542411766233872 0.66314457288233763510 
0.00000000099999999994 0.00098711734996718655 0.00000000099999999994 0.26166051997317046895 0.73735236067686238393 
0.00000000099999999993 0.00000000099999999993 0.00000000099999999993 0.28795044089612298333 0.71204955610387687948 
0.00000000099999999992 0.00000000099999999992 0.00000000099999999992 0.23192734206563228594 0.76807265493436760462 
0.00000000099999999992 0.00000000099999999992 0.00000000099999999992 0.18329105584420715691 0.81670894115579284467 
0.00000000099999999991 0.00000000099999999991 0.00000000099999999991 0.25113983778339188380 0.74886015921660797900 
0.00000000099999999991 0.00000000099999999991 0.00000000099999999991 0.28071344168464806845 0.71928655531535190537 
0.00000000099999999995 0.00825401189807141444 0.00000000099999999995 0.28715475048247457446 0.70459123561945391501 
0.00000000099999999995 0.03431034234165369901 0.00000000099999999995 0.27164083617110745816 0.69404881948723895491 
0.00000000099999999992 0.00000000099999999992 0.00000000099999999992 0.28067116302051120513 0.71932883397948876869 
0.00000000099999999994 0.02504399840252987883 0.00000000099999999994 0.28965692340032012098 0.68529907619714991451 
0.00000000099999999995 0.00000000099999999995 0.00000000099999999995 0.25153586813110700993 0.74846412886889301941 
0.00000000099999999994 0.00000000099999999994 0.00000000099999999994 0.26525595899918164022 0.73474403800081833360 
0.00000000099999999997 0.00000006537762099479 0.00000000099999999997 0.28889150173977323766 0.71110843088260577982 
0.00000000099999999992 0.00000000099999999992 0.00000000099999999992 0.14284865727836010274 0.85715133972163992659 
0.00000000099999999991 0.00000000099999999991 0.00000000099999999991 0.10973449980329415265 0.89026549719670589056 
0.05438465266200533110 0.00000000914307256500 0.83566573514626230068 0.10994960204865979192 0.00000000099999999997 
0.03440329119927714591 0.01018034777740380904 0.79582407534244958836 0.15959228468086941732 0.00000000099999999998 
0.00699929426304164888 0.01453008701431010401 0.83900991510030897835 0.13946070262233917214 0.00000000099999999998 
0.01612605628258905605 0.00000000099999999997 0.87650433779162584269 0.10736960392578512313 0.00000000099999999997 
0.02334303916065905496 0.00000000099999999998 0.85459701688681788401 0.12205994195252303780 0.00000000099999999998 
0.00000000099999999968 0.00000000099999999968 0.00000000099999999968 0.00000000099999999968 0.99999999599999989108 
0.00000000099999999964 0.00000000099999999964 0.00000000099999999964 0.00000000099999999964 0.99999999600000000211 
0.00000000100000000000 0.12785114250599996510 0.75445036835990464397 0.10939202342638533472 0.00830646470771015735 
0.00105657684406714912 0.13223006373259196811 0.72469073383802040667 0.13241624545145513903 0.00960638013386545114 
0.00000000100000000000 0.16559360080022025863 0.68261112853722127891 0.14511305577051722415 0.00668221389204120154 
0.01593640677252091548 0.12577414433744948941 0.73800033273174958648 0.11456841988631524809 0.00572069627196486463 
0.00000000100000000000 0.10930666680060548146 0.80828159245275688072 0.07929985470844296003 0.00311188503819471779 
0.00000000099999999984 0.99999999600000000211 0.00000000099999999984 0.00000000099999999984 0.00000000099999999984 
0.00000000099999999970 0.99999999600000000211 0.00000000099999999970 0.00000000099999999970 0.00000000099999999970 
0.00000000099999999969 0.99999999600000000211 0.00000000099999999969 0.00000000099999999969 0.00000000099999999969 
0.00000000099999999967 0.99999999600000011313 0.00000000099999999967 0.00000000099999999967 0.00000000099999999967 
0.00000000099999999976 0.99999999600000000211 0.00000000099999999976 0.00000000099999999976 0.00000000099999999976 
0.01078280731697737506 0.00000000099999999997 0.98531930179228155442 0.00389788889074111407 0.00000000099999999997 
0.00000003547772609006 0.00000000099999999991 0.99999996152227388357 0.00000000099999999991 0.00000000099999999991 
0.00000000099999999991 0.00000000099999999991 0.99999999599999989108 0.00000000099999999991 0.00000000099999999991 
0.02804741663083915731 0.00000000099999999996 0.97195258036916087896 0.00000000099999999996 0.00000000099999999996 
0.00536445857726389284 0.00000000099999999997 0.97251489478135133560 0.02212064464138472492 0.00000000099999999997 
0.04701883656835598863 0.06538491645425802135 0.48539072161844659670 0.40220552435893924814 0.00000000099999999998 
0.05128351570465326803 0.09184080682349660130 0.52310746997359980348 0.33376820649825028609 0.00000000099999999999 
0.02204769344440237269 0.08105971246067646130 0.47331834523168064832 0.42357424786324038291 0.00000000099999999998 
0.03084286852998381276 0.09222844549558224803 0.44962274401228136123 0.42730594096215246402 0.00000000099999999998 
0.02230397083815979092 0.18258025338493305556 0.34095275370156219452 0.44517045871875349228 0.00899256335659149968 
0.00000000099999999990 0.00000000099999999990 0.00000000099999999990 0.22402535611059692933 0.77597464088940315552 
0.00000000099999999994 0.00000000099999999994 0.00000000099999999994 0.24356024719193389294 0.75643974980806616415 
0.00000000099999999993 0.00000000099999999993 0.00000000099999999993 0.29201130483307718988 0.70798869216692272843 
0.00000000099999999991 0.00000000099999999991 0.00000000099999999991 0.25543031222129286562 0.74456968477870710821 
0.00000000099999999990 0.00000000099999999990 0.00000000099999999990 0.28545124192917104011 0.71454875507082882269 
0.00000000099999999991 0.00000000099999999991 0.00000000099999999991 0.25507543124458148531 0.74492456575541854402 
0.00000000099999999988 0.00000000099999999988 0.99999999599999989108 0.00000000099999999988 0.00000000099999999988 
0.00000000099999999987 0.00000000099999999987 0.99999999599999989108 0.00000000099999999987 0.00000000099999999987 
0.00000000099999999990 0.00000000099999999990 0.99999999599999989108 0.00000000099999999990 0.00000000099999999990 
0.00000000099999999984 0.00000000099999999984 0.99999999600000000211 0.00000000099999999984 0.00000000099999999984 
0.00000000099999999986 0.00000000099999999986 0.99999999599999989108 0.00000000099999999986 0.00000000099999999986 
0.00000000099999999944 0.00000000099999999944 0.00000000099999999944 0.00000000099999999944 0.99999999599999989108 
0.00000000099999999938 0.00000000099999999938 0.00000000099999999938 0.00000000099999999938 0.99999999599999989108 
0.00000000099999999956 0.00000000099999999956 0.00000000099999999956 0.00000000099999999956 0.99999999599999989108 
0.00000000099999999941 0.00000000099999999941 0.00000000099999999941 0.00000000099999999941 0.99999999600000000211 
0.00000000099999999937 0.00000000099999999937 0.00000000099999999937 0.00000000099999999937 0.99999999599999989108 
0.00000000099999999996 0.16372822764131228501 0.83627176935868785534 0.00000000099999999996 0.00000000099999999996 
0.00000000099999999997 0.19431507581587320610 0.80551723797837526675 0.00016768420575153411 0.00000000099999999997 
0.00000000099999999997 0.17932519798378884768 0.80785830880727116377 0.01281649120894006594 0.00000000099999999997 
0.00000000099999999998 0.14983664916201491768 0.79769049692259952344 0.05247285191538560156 0.00000000099999999998 
0.00000000099999999997 0.19168794238710665234 0.80782706836950701756 0.00048498724338642070 0.00000000099999999997 
0.00000000099999999937 0.00000000099999999937 0.00000000099999999937 0.00000000099999999937 0.99999999599999989108 
0.00000000099999999929 0.00000000099999999929 0.00000000099999999929 0.00000000099999999929 0.99999999600000000211 
0.00000000099999999938 0.00000000099999999938 0.00000000099999999938 0.00000000099999999938 0.99999999599999989108 
0.00000000099999999932 0.00000000099999999932 0.00000000099999999932 0.00000000099999999932 0.99999999599999989108 
0.00000000099999999936 0.00000000099999999936 0.00000000099999999936 0.00000000099999999936 0.99999999599999989108 
0.00000000099999999998 0.20534435872016534863 0.00000000099999999998 0.13139864349701674273 0.66325699578281793745 
0.00000000099999999999 0.24224194583266916991 0.00000000099999999999 0.11291193011163293269 0.64484612205569791232 
0.00000000099999999998 0.19987619533511497005 0.00000000099999999998 0.15332421403192916798 0.64679958863295572424 
0.00000000099999999996 0.21451915963036605195 0.00000000099999999996 0.16061439861953466512 0.62486643975009936725 
0.00000000099999999998 0.17249167824302635843 0.00000000099999999998 0.15817651099005256010 0.66933180876692099925 
0.00576434206261155786 0.10567062358072744355 0.80999006580660937171 0.07857496755005151379 0.00000000099999999999 
0.00686331160940512660 0.09581311347319042271 0.76259309687810850065 0.12965945556257368887 0.00507102247672229067 
0.00092131866146833645 0.12623568321553185756 0.76926101998630025403 0.10341053172890729561 0.00017144640779222505 
0.00752090608983313567 0.14759593394987438608 0.76332140509035895093 0.08156175386993336218 0.00000000099999999999 
0.00000000099999999993 0.11115010933457210307 0.00000000099999999993 0.00000000099999999993 0.88884988766542794014 
0.00000000099999999995 0.17538691125640934465 0.00000000099999999995 0.00000904534226640090 0.82460404140132426143 
0.00000000099999999994 0.13089334217967010798 0.00000000099999999994 0.00000000099999999994 0.86910665482032989360 
0.00000000099999999989 0.06807884444359998954 0.00000000099999999989 0.00000000099999999989 0.93192115255639995652 
0.00000000099999999993 0.08869569456987480560 0.00000000099999999993 0.00000000099999999993 0.91130430243012516822 
0.74804340135528779587 0.00000000099999999998 0.00000000099999999998 0.25195659564471228897 0.00000000099999999998 
0.80164088861093507621 0.00000000099999999994 0.00000000099999999994 0.19835910838906489762 0.00000000099999999994 
0.74496415406755311928 0.00000000099999999998 0.00000000099999999998 0.25503584293244679904 0.00000000099999999998 
0.82054813096102774406 0.00000000099999999996 0.00000000099999999996 0.17945186603897239630 0.00000000099999999996 
0.85416347622586430433 0.00000000099999999995 0.00000000099999999995 0.14583652077413575276 0.00000000099999999995 
0.30409426577356951649 0.31677928874970689987 0.24696024580709957652 0.12112150575187478896 0.01104469391774925806 
0.25694240795509776243 0.33618902439595232945 0.26355181614112721533 0.13061849170831493772 0.01269825979950781752 
0.28559503800056967870 0.34312131006093349317 0.25571041229560959041 0.11557323864288721049 0.00000000099999999999 
0.24861686708290384185 0.32333962394475840307 0.30501049066260799147 0.12303301730972969474 0.00000000100000000000 
0.35691839538505826246 0.11806379892741572513 0.39794534528526859241 0.12640850627419916719 0.00066395412805836049 
0.99999999600000011313 0.00000000099999999995 0.00000000099999999995 0.00000000099999999995 0.00000000099999999995 
0.90139163649666531608 0.03002952576194868606 0.00000000099999999997 0.06857883574138608218 0.00000000099999999997 
0.99999999600000011313 0.00000000099999999993 0.00000000099999999993 0.00000000099999999993 0.00000000099999999993 
0.91673178010528877380 0.01251385506915407217 0.00000000099999999996 0.07075436282555705447 0.00000000099999999996 
0.95156952057361621211 0.00000000099999999996 0.00000000099999999996 0.04843047642638374090 0.00000000099999999996 
