0.00000000099999999998 0.88920936137799033716 0.11079063762200963561 
0.00000000099999999999 0.89611972797377448252 0.10388027102622546249 
0.00000000099999999998 0.93324886564487807838 0.06675113335512186663 
0.00000000099999999999 0.90448822261089578678 0.09551177638910439416 
0.00000000099999999999 0.92658694161263455147 0.07341305738736536579 
0.64703891876796959526 0.00000000099999999998 0.35296108023203043302 
0.63364680867097755712 0.00000000099999999997 0.36635319032902247116 
0.66734402250412194757 0.00000000099999999999 0.33265597649587819173 
0.67446909099569474222 0.00000000099999999998 0.32553090800430539709 
0.68529992169479092556 0.00000000099999999998 0.31470007730520921374 
0.93677949199213883524 0.00000000099999999996 0.06322050700786112365 
0.96770793315387515499 0.00000000099999999996 0.03229206584612479697 
0.95400803041261283965 0.00000000099999999996 0.04599196858738718169 
0.94137516036641744055 0.00000000099999999996 0.05862483863358258773 
0.93478104460039745938 0.00000000099999999996 0.06521895439960270768 
0.00000000099999999998 0.84280425002431180737 0.15719574897568822092 
0.00000000099999999998 0.88022702309375544516 0.11977297590624456924 
0.00000000099999999998 0.91548554799717862807 0.08451445100282127532 
0.00000000099999999997 0.99997497340781105191 0.00002502559218909794 
0.00000000099999999998 0.94355382915187224757 0.05644616984812774602 
0.00000000099999999999 0.69483428399501023787 0.30516571500498973490 
0.00000000099999999998 0.72752778140304696919 0.27247221759695311460 
0.00000000099999999998 0.67893667830859194545 0.32106332069140819385 
0.00244781168880794670 0.63515635389740932037 0.36239583441378286910 
0.00356091124535166904 0.65193152452063707347 0.34450756423401129869 
0.00832393440186721990 0.82631122220175012849 0.16536484339638252150 
0.00485346459535819594 0.83222839947764892798 0.16291813592699289082 
0.00002768730622182876 0.82316753448793811287 0.17680477820584000748 
0.93279921219033545832 0.00000000099999999997 0.06720078680966450058 
0.88812749623012654521 0.00000000099999999997 0.11187250276987341369 
0.93794894531091688172 0.00000000099999999996 0.06205105368908318125 
0.00000000099999999999 0.97054257640592678236 0.02945742259407324593 
0.00244902551652629707 0.92277786606485401322 0.07477310841861983803 
0.00057801096704436028 0.94721490700708210753 0.05220708202587356211 
0.00000000099999999999 0.93984953696934414591 0.06015046203065586850 
0.00000000099999999998 0.97130857782392332478 0.02869142117607677636 
0.00000000099999999999 0.96561910119603067137 0.03438089780396932915 
0.00000000099999999999 0.92548162736102312920 0.07451837163897696847 
0.00000000099999999998 0.93867829306310324178 0.06132170593689676569 
0.00000000099999999997 0.94738864213737583597 0.05261135686262413680 
0.00000000099999999997 0.91242674441258642126 0.08757325458741362090 
0.00000000099999999997 0.99935802803751905277 0.00064197096248092326 
0.00000000099999999996 0.99999999799999994554 0.00000000099999999996 
0.00000000099999999996 0.99999999800000005656 0.00000000099999999996 
0.00000000099999999997 0.99456878759032218973 0.00543121140967781253 
0.00000000099999999998 0.99990586960557470420 0.00009412939442542709 
0.96750384192801419658 0.00000000099999999995 0.03249615707198590803 
0.96786865167204261251 0.00000000099999999997 0.03213134732795731863 
0.96458274518813869047 0.00000000099999999995 0.03541725381186134475 
0.99999999800000005656 0.00000000099999999994 0.00000000099999999994 
0.97140515243024916359 0.00000000099999999998 0.02859484656975079531 
0.00889950500301435812 0.73871291347019052420 0.25238758152679502400 
0.00727500755758095970 0.73808670188271086054 0.25463829055970826909 
0.00917904004578229925 0.83059320539074332768 0.16022775456347435052 
0.01089033204866369543 0.77703771776830643514 0.21207195018302979483 
0.00411109339192239440 0.79507031622869228649 0.20081859037938526447 
0.00000000099999999999 0.83019652235674801233 0.16980347664325204371 
0.00000000099999999998 0.82697226500443921093 0.17302773399556078959 
0.00000000099999999999 0.83436876118692870907 0.16563123781307131921 
0.00000000099999999998 0.84236784851083312819 0.15763215048916681682 
0.00000000099999999999 0.84109597174907990702 0.15890402725092020453 
0.00000000099999999999 0.92175284038677152143 0.07824715861322854848 
0.00000000099999999999 0.96276796253499252742 0.03723203646500741759 
0.00000000099999999999 0.94620022581684870566 0.05379977318315145446 
0.00000000099999999998 0.97796216383832190733 0.02203783516167814524 
0.00000000099999999999 0.96436780819011835852 0.03563219080988179466 
0.99999999800000005656 0.00000000099999999973 0.00000000099999999973 
0.99999999799999994554 0.00000000099999999988 0.00000000099999999988 
0.99999999799999994554 0.00000000099999999982 0.00000000099999999982 
0.99999999800000005656 0.00000000099999999975 0.00000000099999999975 
0.99999999800000005656 0.00000000099999999981 0.00000000099999999981 
0.00000000099999999997 0.41531184866371329001 0.58468815033628651623 
0.00000000099999999997 0.42014447402758137162 0.57985552497241865666 
0.00000000099999999997 0.39649985003636134540 0.60350014896363857186 
0.00000000099999999998 0.38434306063877160531 0.61565693836122836746 
0.00000000099999999998 0.38549658475184400697 0.61450341424815591029 
0.00000000099999999999 0.88387002354881416544 0.11612997545118577958 
0.00000000099999999998 0.88685355738814231064 0.11314644161185780091 
0.00000000099999999999 0.87029766176771672370 0.12970233723228324907 
0.00000000099999999999 0.86519605663138254847 0.13480394236861745205 
0.00000000099999999999 0.88552767028636281132 0.11447232871363713369 
0.00000000099999999997 0.99999999800000005656 0.00000000099999999997 
0.00000000099999999998 0.99999953356196358278 0.00000046543803636864 
0.00000000099999999997 0.99999999800000005656 0.00000000099999999997 
0.00000000099999999996 0.99999999800000005656 0.00000000099999999996 
0.00000000099999999997 0.99999999800000005656 0.00000000099999999997 
0.00426397525341972675 0.77171541842774160624 0.22402060631883879971 
0.00660177650798961756 0.79908752821745010486 0.19431069527456021340 
0.00185138757674601913 0.78252162748368825351 0.21562698493956578005 
0.00674754006440684683 0.71252991410691224328 0.28072254582868078066 
0.00534481309627486863 0.69401281014555382676 0.30064237675817129247 
0.00000000099999999999 0.82006441873746194204 0.17993558026253800297 
0.00000000099999999999 0.82343192288058131290 0.17656807611941865988 
0.00000000099999999999 0.82841645827392618173 0.17158354072607387431 
0.00000000099999999998 0.82563410263023839786 0.17436589636976151940 
0.00000000099999999999 0.85057253072511229686 0.14942746827488767591 
0.00000000099999999992 0.00000000099999999992 0.99999999799999994554 
0.00000000099999999992 0.00000000099999999992 0.99999999799999994554 
0.00000000099999999992 0.00000000099999999992 0.99999999799999994554 
0.00000601207058898943 0.13220650713421144840 0.86778748079519951730 
0.00000000100000000000 0.07057389204880999689 0.92942610695118998976 
0.74133520508089578716 0.00000000099999999998 0.25866479391910429664 
0.70157003501027648262 0.00000000100000000000 0.29842996398972360117 
0.79518151182727880855 0.00000000099999999996 0.20481848717272124749 
0.75357358044448574663 0.00000000099999999997 0.24642641855551442043 
0.80100202093026351413 0.00000000099999999997 0.19899797806973648640 
0.67281977503971290844 0.00000000099999999999 0.32718022396028711984 
0.74739702591376899754 0.00000000099999999998 0.25260297308623114176 
0.72323116521717323302 0.00000000099999999998 0.27676883378282662873 
0.78113338210862370836 0.00000000099999999998 0.21886661689137645870 
0.82687140460716734847 0.00000000099999999997 0.17312859439283279084 
0.76078584500714385719 0.00000000099999999997 0.23921415399285614334 
0.73212944542052160735 0.00000000099999999998 0.26787055357947842094 
0.71473443838565897668 0.00000000099999999999 0.28526556061434099609 
0.70317631481661702075 0.00000000099999999998 0.29682368418338295202 
0.73085844055418736076 0.00000000099999999998 0.26914155844581283406 
0.69334787249393081687 0.00000000099999999998 0.30665212650606921141 
0.75947202190169471603 0.00000000099999999998 0.24052797709830525674 
0.74799552516366540900 0.00000000099999999998 0.25200447383633467480 
0.72261381827194637317 0.00000000099999999999 0.27738618072805371062 
0.86801128313628850286 0.00000000099999999997 0.13198871586371155318 
0.90530705888887252897 0.00000000099999999997 0.09469294011112751319 
0.00000000099999999997 0.89952607138020934663 0.10047392761979076492 
0.00000000099999999999 0.84053844270072675116 0.15946155629927344366 
0.00000000099999999998 0.85898240585599028307 0.14101759314400985623 
0.00000000099999999998 0.90475304974330905683 0.09524694925669104084 
0.00000000099999999999 0.89183323430538274934 0.10816676469461734833 
0.99999999799999994554 0.00000000099999999983 0.00000000099999999983 
0.99999999800000005656 0.00000000099999999981 0.00000000099999999981 
0.00990109107819213408 0.75930684895902467169 0.23079205996278315260 
0.01290241808364738819 0.73162780111330416588 0.25546978080304860725 
0.01079909225268268352 0.68562760615220508242 0.30357330159511231038 
0.00861329792689029088 0.75933218726443341140 0.23205451480867633762 
0.00570107351245714017 0.81196968364239230365 0.18232924284515045210 
0.00000000099999999995 0.00000000099999999995 0.99999999799999994554 
0.00000000099999999992 0.00000000099999999992 0.99999999799999994554 
0.00000000099999999991 0.00000000099999999991 0.99999999799999994554 
0.00000000099999999991 0.00000000099999999991 0.99999999800000005656 
0.00000000099999999993 0.00000000099999999993 0.99999999799999994554 
0.00000000099999999998 0.99586183083807544580 0.00413816816192464580 
0.00000000099999999993 0.99999999800000005656 0.00000000099999999993 
0.00000000099999999994 0.99999999800000005656 0.00000000099999999994 
0.00000000099999999996 0.99999999799999994554 0.00000000099999999996 
0.00000000099999999998 0.98474865892003038415 0.01525134007996974302 
0.00000000099999999999 0.54739168055681741709 0.45260831844318266670 
0.00002314744225660385 0.58656528706077748492 0.41341156549696589373 
0.00000000099999999998 0.51294042164826370023 0.48705957735173621703 
0.00000000099999999999 0.49708505690413606892 0.50291494209586384834 
0.01633496372792856560 0.37976479604886809183 0.60390024022320332175 
0.78854490607604832419 0.00000000099999999997 0.21145509292395167633 
0.77456244305709009979 0.00000000099999999998 0.22543755594290992850 
0.71933079648205366929 0.00000000099999999998 0.28066920251794630348 
0.75963670545701988956 0.00000000099999999998 0.24036329354298024974 
0.73262264362102647031 0.00000000099999999998 0.26737735537897344695 
0.75932897076747352116 0.00000000099999999998 0.24067102823252656263 
0.00000000099999999991 0.99999999800000005656 0.00000000099999999991 
0.00000000099999999991 0.99999999800000005656 0.00000000099999999991 
0.00000000099999999993 0.99999999799999994554 0.00000000099999999993 
0.00000000099999999989 0.99999999800000005656 0.00000000099999999989 
0.00000000099999999990 0.99999999799999994554 0.00000000099999999990 
0.99999999799999994554 0.00000000099999999972 0.00000000099999999972 
0.99999999799999994554 0.00000000099999999969 0.00000000099999999969 
0.99999999800000005656 0.00000000099999999978 0.00000000099999999978 
0.99999999799999994554 0.00000000099999999970 0.00000000099999999970 
0.99999999800000005656 0.00000000099999999968 0.00000000099999999968 
0.00000000099999999999 0.83110042480697932099 0.16889957419302079056 
0.00000000099999999999 0.78945079556506758678 0.21054920343493235824 
0.00000000099999999999 0.79796165906132443535 0.20203833993867559293 
0.00000000099999999999 0.79841501994148045274 0.20158497905851957555 
0.00000000099999999999 0.79600123838045944158 0.20399876061954061446 
0.99999999799999994554 0.00000000099999999968 0.00000000099999999968 
0.99999999800000005656 0.00000000099999999965 0.00000000099999999965 
0.99999999800000005656 0.00000000099999999969 0.00000000099999999969 
0.99999999799999994554 0.00000000099999999966 0.00000000099999999966 
0.99999999799999994554 0.00000000099999999968 0.00000000099999999968 
0.66262421278572203320 0.00000000100000000000 0.33737578621427788406 
0.64276713164928067634 0.00000000100000000000 0.35723286735071935194 
0.64595564864958843199 0.00128066044384103237 0.35276369090657050398 
0.62394896959395973468 0.00000000099999999999 0.37605102940604034911 
0.67021401187850959680 0.00000001125059608374 0.32978597687089422630 
0.00000085783229333534 0.82059471243360126991 0.17940442973410536398 
0.00731433936883427518 0.77842024186597935653 0.21426541876518637175 
0.00503760823049673699 0.77482518364226959928 0.22013720812723364118 
0.00085018279655287867 0.77446711201469597974 0.22468270518875110842 
0.89042051495529561667 0.00000000099999999998 0.10957948404470446713 
0.81933325470913942468 0.00000000099999999999 0.18066674429086063136 
0.86898517419467180556 0.00000000099999999999 0.13101482480532827823 
0.93311901793158635865 0.00000000099999999996 0.06688098106841364188 
0.91183302009906619379 0.00000000099999999997 0.08816697890093377898 
0.00000000099999999999 0.69793522859789280943 0.30206477040210732987 
0.00000000099999999999 0.74966835159079381334 0.25033164740920621494 
0.00000000099999999999 0.69437801082755534754 0.30562198817244456972 
0.00000000099999999999 0.76378211841373200297 0.23621788058626808082 
0.00000000099999999998 0.81917075221298785159 0.18082924678701212118 
0.02289484744223551846 0.53327341166988828647 0.44383174088787619160 
0.02707041564173514117 0.50909642637822782874 0.46383315798003710295 
0.00892554361968263439 0.52319285496968104265 0.46788160141063628306 
0.01339571438604719028 0.53943891805662758099 0.44716536755732527730 
0.00461508823339810189 0.73354563202440703495 0.26183927974219478596 
0.00000000099999999998 0.84971836687289359347 0.15028163212710649033 
0.00000000099999999998 0.82717449148486577037 0.17282550751513425791 
0.00000000099999999999 0.84844349588903678061 0.15155650311096313665 
0.00000000099999999999 0.79488540682805175486 0.20511459217194832894 
0.00000000099999999998 0.84475883209432489629 0.15524116690567513199 
