0.81853626914269861370 0.07731765693165901232 0.00000000099999999998 0.10414607292564237451 
0.84079512303214698488 0.05684293813251838079 0.00000000099999999999 0.10236193783533467649 
0.87895395041548474158 0.05640711053280320769 0.00000000099999999998 0.06463893805171212759 
0.87259130710225485394 0.03307612635187334726 0.00000000099999999998 0.09433256554587188258 
0.89951336527401537513 0.02881119643358731955 0.00000000099999999998 0.07167543729239730932 
0.00000000099999999997 0.00000000099999999997 0.64705561878490902572 0.35294437921509091982 
0.00000000099999999995 0.00000000099999999995 0.63429086338673312806 0.36570913461326670646 
0.00000000099999999999 0.00000000099999999999 0.66870054827793323771 0.33129944972206670784 
0.00000000099999999997 0.00000000099999999997 0.67539950146204019710 0.32460049653795974844 
0.00000000099999999996 0.00000000099999999996 0.68648007738885141737 0.31351992061114852817 
0.00000000099999999993 0.00000000099999999993 0.93683548882486822329 0.06316450917513180552 
0.00000000099999999992 0.00000000099999999992 0.96740437393651834697 0.03259562406348159858 
0.00000000099999999991 0.00000000099999999991 0.95400663994568257742 0.04599335805431743751 
0.00000000099999999991 0.00000000099999999991 0.94150862843592708629 0.05849136956407282456 
0.00000000099999999992 0.00000000099999999992 0.93457551496229218646 0.06542448303770775908 
0.00000000099999999996 0.92911474485285239222 0.00000000099999999996 0.07088525314714759495 
0.00000000099999999996 0.99619788524398344975 0.00000000099999999996 0.00380211275601649796 
0.00000000099999999993 0.99999999699999997382 0.00000000099999999993 0.00000000099999999993 
0.00000000099999999981 0.99999999700000008485 0.00000000099999999981 0.00000000099999999981 
0.00000000099999999990 0.99999999699999997382 0.00000000099999999990 0.00000000099999999990 
0.63955505247604560459 0.06021775833000988370 0.00000000099999999999 0.30022718819394456080 
0.67376387746295651748 0.05904605229216542545 0.00000000099999999998 0.26719006924487792576 
0.59117618550227557517 0.09590410133149493421 0.00000000099999999998 0.31291971216622943563 
0.57841991966372230394 0.06263253431537915694 0.00270384168357319958 0.35624370433732532870 
0.60413061352583885544 0.05334986937687495601 0.00484300263884050296 0.33767651445844576452 
0.82768412047680106625 0.00034602090289877945 0.00379361491733204654 0.16817624370296802017 
0.82336693711019548481 0.01163161458966958071 0.00059398034140975119 0.16440746795872523967 
0.80436148358568637651 0.02095921037900405973 0.00000000100000000000 0.17467930503530970654 
0.00000000099999999995 0.00000000099999999995 0.93316962184298657412 0.06683037615701330203 
0.00000000099999999993 0.00000000099999999993 0.88797702973148473493 0.11202296826851528000 
0.00000000099999999992 0.00000000099999999992 0.93798177435660867740 0.06201822364339123345 
0.00000000099999999988 0.99999999699999997382 0.00000000099999999988 0.00000000099999999988 
0.00000000099999999994 0.99999999699999997382 0.00000000099999999994 0.00000000099999999994 
0.00000000099999999991 0.99999999700000008485 0.00000000099999999991 0.00000000099999999991 
0.00000000099999999988 0.99999999700000008485 0.00000000099999999988 0.00000000099999999988 
0.00000000099999999987 0.99999999700000008485 0.00000000099999999987 0.00000000099999999987 
0.87052099167258645274 0.10587543918098023255 0.00000000099999999999 0.02360356814643326320 
0.84902809266999845761 0.08197708740267908856 0.00000000099999999998 0.06899481892732253763 
0.87580499907508679858 0.07235783313957853957 0.00000000099999999997 0.05183716678533464850 
0.90021241135839968894 0.05596528181308244726 0.00000000099999999997 0.04382230582851793371 
0.86170440123846536729 0.05661232019964762552 0.00000000099999999997 0.08168327756188688282 
0.81002411955116637721 0.18997587844883362385 0.00000000099999999995 0.00000000099999999995 
0.82002127493433440986 0.17997872306566556344 0.00000000099999999996 0.00000000099999999996 
0.80505461220826091129 0.19494538579173914528 0.00000000099999999995 0.00000000099999999995 
0.80347066895586072288 0.19652932904413938919 0.00000000099999999997 0.00000000099999999997 
0.78725171384726055912 0.21274828415273944193 0.00000000099999999997 0.00000000099999999997 
0.00000000099999999991 0.00000000099999999991 0.96736769132965205742 0.03263230667034797833 
0.00000000099999999994 0.00000000099999999994 0.96814058327010887872 0.03185941472989112927 
0.00000000099999999991 0.00000000099999999991 0.96486006611712427095 0.03513993188287570929 
0.00000000099999999990 0.00000000099999999990 0.99999999699999997382 0.00000000099999999990 
0.00000000099999999996 0.00000000099999999996 0.97152209045790249853 0.02847790754209739497 
0.13336145040526109495 0.64848605338531917219 0.00000002736036577478 0.21815246884905398206 
0.13940641035826092931 0.64729472765700990511 0.00185122245810634563 0.21144763952662290474 
0.13453516756010133748 0.74820735378314218167 0.00000000147581262800 0.11725747718094388372 
0.12966718030713225707 0.69935854900927396649 0.00302597339577726941 0.16794829728781651701 
0.11461602308553958673 0.72574002546539373437 0.00000000099999999999 0.15964395044906679044 
0.84646348610752408792 0.00000000099999999998 0.00000000099999999998 0.15353651189247596864 
0.83964491895790649423 0.00000000099999999997 0.00000000099999999997 0.16035507904209361785 
0.84758692139925362330 0.00000000099999999997 0.00000000099999999997 0.15241307660074648878 
0.85613855442146713504 0.00000000099999999996 0.00000000099999999996 0.14386144357853294928 
0.85571769439390332757 0.00000000099999999997 0.00000000099999999997 0.14428230360609664573 
0.85589497922257595786 0.07399454413317788082 0.00000000099999999998 0.07011047564424623124 
0.91762065408915105547 0.05393937427963949038 0.00000000099999999998 0.02843997063120946509 
0.87386567382393909309 0.08280647480141170580 0.00000000099999999998 0.04332785037464927103 
0.88755197150843734288 0.10089954651190057022 0.00000000099999999997 0.01154848097966209609 
0.85747516833470616149 0.11809914611456891198 0.00000000099999999998 0.02442568455072478481 
0.00000000099999999957 0.00000000099999999957 0.99999999699999986280 0.00000000099999999957 
0.00000000099999999981 0.00000000099999999981 0.99999999699999997382 0.00000000099999999981 
0.00000000099999999972 0.00000000099999999972 0.99999999699999997382 0.00000000099999999972 
0.00000000099999999961 0.00000000099999999961 0.99999999699999986280 0.00000000099999999961 
0.00000000099999999969 0.00000000099999999969 0.99999999699999997382 0.00000000099999999969 
0.26063068128400301848 0.17174832888632862726 0.00000000099999999997 0.56762098882966838254 
0.30443300263468248135 0.12834280422553892564 0.00000000099999999998 0.56722419213977859354 
0.27169173413635450132 0.13826064770569759799 0.00000000099999999997 0.59004761715794795673 
0.28052435781403323167 0.11587629740287314073 0.00000000099999999998 0.60359934378309343384 
0.25923218283060683875 0.14049886788479210020 0.00000000099999999998 0.60026894828460097830 
0.72015692551196075488 0.17887434625997006288 0.00000000099999999998 0.10096872722806911338 
0.69925164958736141241 0.20415503574622759220 0.00000000099999999997 0.09659331366641113470 
0.73434186290203340430 0.14899800697845186348 0.00000000099999999998 0.11666012911951476050 
0.71928598596309512025 0.15931182572631796823 0.00000000099999999999 0.12140218731058702306 
0.69123673378082117758 0.21238448547415036960 0.00000000099999999999 0.09637877974502831457 
0.97419813441452862701 0.02580186358547139833 0.00000000099999999996 0.00000000099999999996 
0.95349486343372413799 0.04650513456627579367 0.00000000099999999996 0.00000000099999999996 
0.95918344303408353824 0.04081655496591637261 0.00000000099999999996 0.00000000099999999996 
0.97294121015105672345 0.02705878784894334699 0.00000000099999999995 0.00000000099999999995 
0.93195119596665498829 0.06804880203334512379 0.00000000099999999996 0.00000000099999999996 
0.75445351293972418016 0.02014638732183817935 0.00362725194360761019 0.22177284779483019683 
0.75652052924394808109 0.04702223776670245298 0.00393768190153840920 0.19251955108781101944 
0.75429165049896595985 0.03258818334207670003 0.00000000100000000000 0.21312016515895726432 
0.69380541844268095453 0.01859300063464144545 0.00583164179408906559 0.28176993912858849800 
0.69722387351306902570 0.00000000100000000000 0.00234644506629129532 0.30042968042063955547 
0.00668974718268351524 0.87312311703719946987 0.00000000099999999998 0.12018713478011701368 
0.00000000099999999997 0.90403399210264490105 0.00000000099999999997 0.09596600589735525266 
0.00000000099999999997 0.89523739685762970808 0.00000000099999999997 0.10476260114237030685 
0.00000000099999999997 0.90156250405021443051 0.00000000099999999997 0.09843749394978563994 
0.00000000099999999997 0.94512396779825846860 0.00000000099999999997 0.05487603020174151858 
0.00000000099999999987 0.00000000099999999987 0.00000000099999999987 0.99999999699999997382 
0.00000000099999999987 0.00000000099999999987 0.00000000099999999987 0.99999999699999997382 
0.00000000099999999987 0.00000000099999999987 0.00000000099999999987 0.99999999699999997382 
0.13366279892274698926 0.00002506479868185263 0.00000000100000000000 0.86631213527857120482 
0.07734573305060453430 0.00000000099999999999 0.00000000099999999999 0.92265426494939539737 
0.00000000099999999995 0.00000000099999999995 0.74154842758140915304 0.25845157041859079250 
0.00000000100000000000 0.00010049994245447591 0.70199478632077472184 0.29790471273677071595 
0.00000000099999999992 0.00000000099999999992 0.79508232625538199922 0.20491767174461780754 
0.00000000099999999994 0.00000000099999999994 0.75380955415793493568 0.24619044384206498211 
0.00000000099999999994 0.00000000099999999994 0.80150985853749467935 0.19849013946250532170 
0.00000000099999999997 0.00000000099999999997 0.67342859663979770524 0.32657140136020218479 
0.00000000099999999996 0.00000000099999999996 0.74748039368230501100 0.25251960431769504556 
0.00000000099999999996 0.00000000099999999996 0.72397809331030515967 0.27602190468969473036 
0.00000000099999999995 0.00000000099999999995 0.78092588289510100896 0.21907411510489901985 
0.00000000099999999995 0.00000000099999999995 0.82754386299887805478 0.17245613500112197403 
0.00000000099999999994 0.00000000099999999994 0.76129535236072709559 0.23870464563927293322 
0.00000000099999999995 0.00000000099999999995 0.73263199000817458284 0.26736800799182547372 
0.00000000099999999998 0.00000000099999999998 0.71470731630535366818 0.28529268169464627736 
0.00000000099999999997 0.00000000099999999997 0.70314109525700796421 0.29685890274299203684 
0.00000000099999999996 0.00000000099999999996 0.73156610150211043297 0.26843389649788967910 
0.00000000099999999996 0.00000000099999999996 0.69358649856142406964 0.30641349943857582039 
0.00000000099999999996 0.00000000099999999996 0.75980907403671271716 0.24019092396328728389 
0.00000000099999999996 0.00000000099999999996 0.74806514699774939725 0.25193485100225060380 
0.00000000099999999998 0.00000000099999999998 0.72296602022704015145 0.27703397777295984961 
0.00000000099999999995 0.00000000099999999995 0.86837534456245146774 0.13162465343754836677 
0.00000000099999999995 0.00000000099999999995 0.90593836561748120051 0.09406163238251878667 
0.83710412919328536230 0.06772514318799527366 0.00000000099999999997 0.09517072661871935069 
0.79541392671383326363 0.04948462689653005536 0.00000000099999999999 0.15510144538963666072 
0.83915010273156120935 0.01993169932303020739 0.00000000099999999998 0.14091819694540871910 
0.87940349186465804898 0.02827563454761082215 0.00000000099999999998 0.09232087258773116756 
0.85863256916108188221 0.03567419264946769530 0.00000000099999999998 0.10569323718945043689 
0.00000000099999999973 0.00000000099999999973 0.99999999699999997382 0.00000000099999999973 
0.00000000099999999970 0.00000000099999999970 0.99999999699999986280 0.00000000099999999970 
0.76223984633528762966 0.00000006398497250263 0.00972833192102001872 0.22803175775871992181 
0.72936100962221195321 0.00513879388993721247 0.01214652258620974035 0.25335367390164115209 
0.68947654859916718273 0.00000000100000000000 0.01027447498864531190 0.30024897541218753538 
0.74216671867701955456 0.02073576698800813634 0.00753493751982703842 0.22956257681514521951 
0.81489353174983802930 0.00000000100000000000 0.00323011828141533475 0.18187634896874663171 
0.00000000099999999993 0.00000000099999999993 0.00000000099999999993 0.99999999699999997382 
0.00000000099999999987 0.00000000099999999987 0.00000000099999999987 0.99999999699999997382 
0.00000000099999999986 0.00000000099999999986 0.00000000099999999986 0.99999999700000008485 
0.00000000099999999985 0.00000000099999999985 0.00000000099999999985 0.99999999699999997382 
0.00000000099999999988 0.00000000099999999988 0.00000000099999999988 0.99999999699999997382 
0.98207143128807794508 0.01792856671192206985 0.00000000099999999997 0.00000000099999999997 
0.99833625147235982578 0.00166374652764019349 0.00000000099999999992 0.00000000099999999992 
0.99999999700000008485 0.00000000099999999992 0.00000000099999999992 0.00000000099999999992 
0.96815412681376133985 0.03184587118623876528 0.00000000099999999995 0.00000000099999999995 
0.97802579220334195931 0.01628455372722805578 0.00000000099999999998 0.00568965306943012249 
0.49240533242115253065 0.05972917978810733663 0.00000000099999999999 0.44786548679074011936 
0.52909980002772449836 0.06326871662821503817 0.00000000100000000000 0.40763148234406043624 
0.47994656449924971708 0.03631211790328144756 0.00000000099999999998 0.48374131659746888445 
0.45606873632432798349 0.04535114243872312434 0.00000000099999999999 0.49858012023694886494 
0.35053179954034074939 0.03266408307811375505 0.01596642364905343295 0.60083769373249207302 
0.00000000099999999994 0.00000000099999999994 0.78907641630204528038 0.21092358169795472067 
0.00000000099999999996 0.00000000099999999996 0.77521891679980892143 0.22478108120019099636 
0.00000000099999999996 0.00000000099999999996 0.72008571714440205991 0.27991428085559799666 
0.00000000099999999995 0.00000000099999999995 0.76036560904680594586 0.23963438895319405519 
0.00000000099999999996 0.00000000099999999996 0.73339361300024286106 0.26660638499975702898 
0.00000000099999999995 0.00000000099999999995 0.75954292764642683533 0.24045707035357308246 
0.99995689029308076901 0.00004310770691926540 0.00000000099999999990 0.00000000099999999990 
0.99970034820140674103 0.00029964979859336828 0.00000000099999999990 0.00000000099999999990 
0.99999999699999997382 0.00000000099999999992 0.00000000099999999992 0.00000000099999999992 
0.99999999700000008485 0.00000000099999999987 0.00000000099999999987 0.00000000099999999987 
0.99998903506090708326 0.00001096293909280393 0.00000000099999999990 0.00000000099999999990 
0.00000000099999999956 0.00000000099999999956 0.99999999699999986280 0.00000000099999999956 
0.00000000099999999951 0.00000000099999999951 0.99999999699999997382 0.00000000099999999951 
0.00000000099999999965 0.00000000099999999965 0.99999999699999986280 0.00000000099999999965 
0.00000000099999999954 0.00000000099999999954 0.99999999699999986280 0.00000000099999999954 
0.00000000099999999950 0.00000000099999999950 0.99999999699999986280 0.00000000099999999950 
0.84188680256471026819 0.00000000099999999997 0.00000000099999999997 0.15811319543528984388 
0.80098088685987234303 0.00000000099999999997 0.00000000099999999997 0.19901911114012776904 
0.80743797767230796047 0.00000000099999999997 0.00000000099999999997 0.19256202032769198507 
0.80296803840881236791 0.00000000099999999998 0.00000000099999999998 0.19703195959118782743 
0.80362167242272664058 0.00000000099999999997 0.00000000099999999997 0.19637832557727355476 
0.00000000099999999951 0.00000000099999999951 0.99999999699999986280 0.00000000099999999951 
0.00000000099999999945 0.00000000099999999945 0.99999999699999997382 0.00000000099999999945 
0.00000000099999999952 0.00000000099999999952 0.99999999699999986280 0.00000000099999999952 
0.00000000099999999947 0.00000000099999999947 0.99999999699999986280 0.00000000099999999947 
0.00000000099999999950 0.00000000099999999950 0.99999999699999997382 0.00000000099999999950 
0.00000000099999999999 0.00000000099999999999 0.66251881642737886491 0.33748118157262096961 
0.00000000100000000000 0.00214223510577088699 0.64320942951726178816 0.35464833437696746676 
0.00392707489759032326 0.00000000100000000000 0.64657274225399241629 0.34950018184841741276 
0.00000000099999999998 0.00000000099999999998 0.62375033432730164762 0.37624966367269829792 
0.00000000100000000000 0.00000000100000000000 0.66979979531107902702 0.33020020268892091853 
0.81276140211143754755 0.00947327433449131513 0.00000000099999999999 0.17776532255407109795 
0.76738506328982147853 0.01256335970759878129 0.00639968507274353907 0.21365189192983607969 
0.77428809527327024931 0.00437676992337675177 0.00202195714290625238 0.21931317766044677864 
0.76873201882913055893 0.00940918618220731862 0.00000000100000000000 0.22185879398866215073 
0.00000000099999999996 0.00000000099999999996 0.89024088734009976243 0.10975911065990007209 
0.00000000099999999997 0.00000000099999999997 0.81885232452220690913 0.18114767347779320295 
0.00000000099999999999 0.00000000099999999999 0.86885940288865348702 0.13114059511134654179 
0.00000000099999999991 0.00000000099999999991 0.93291106316369554197 0.06708893483630438970 
0.00000000099999999995 0.00000000099999999995 0.91174133840445126253 0.08825865959554878015 
0.00000000099999999998 0.77242702167715893147 0.00000000099999999998 0.22757297632284120836 
0.00000000099999999996 0.83672370489578296038 0.00000000099999999996 0.16327629310421704067 
0.00000000099999999998 0.77432991472923518028 0.00000000099999999998 0.22567008327076484853 
0.00000000099999999997 0.85082764291680335056 0.00000000099999999997 0.14917235508319673376 
0.00000000099999999997 0.89334914017477962123 0.00000000099999999997 0.10665085782522053248 
0.26836991588598357872 0.28518045011762332974 0.02224034478134805787 0.42420928921504519327 
0.28449228245833768636 0.24072119406187172941 0.02643071556922435214 0.44835580791056617311 
0.27672223192145228854 0.26580657756869835451 0.00759387146654717533 0.44987731904330224841 
0.32241905483446786640 0.23314035573299687898 0.01333005837033576953 0.43111053106219948683 
0.40436155820052738230 0.36042934456069192217 0.00249026904415835951 0.23271882819462222369 
0.00000000099999999995 0.99999999700000008485 0.00000000099999999995 0.00000000099999999995 
0.00000000099999999997 0.90933516813883619179 0.00000000099999999997 0.09066482986116385090 
0.00000000099999999993 0.99999999699999997382 0.00000000099999999993 0.00000000099999999993 
0.00000000099999999996 0.92360184927607447136 0.00000000099999999996 0.07639814872392562684 
0.00000000099999999996 0.96199350616681555959 0.00000000099999999996 0.03800649183318454555 
