0.01623462214224161149 0.97668559181730063568 0.00707978604045768692 
0.00000000099999999998 0.99999815114277368355 0.00000184785722628074 
0.01607556074338650082 0.97166774906136310630 0.01225669019525039635 
0.01441267048380394031 0.98558394947939353958 0.00000338003680251730 
0.00000000099999999978 0.99999999799999994554 0.00000000099999999978 
0.00000000099999999978 0.99999999800000005656 0.00000000099999999978 
0.00000000099999999977 0.99999999799999994554 0.00000000099999999977 
0.00000000099999999979 0.99999999799999994554 0.00000000099999999979 
0.00000000099999999979 0.99999999800000005656 0.00000000099999999979 
0.00000000099999999978 0.99999999800000005656 0.00000000099999999978 
0.00000000099999999985 0.99999999799999994554 0.00000000099999999985 
0.00000000099999999987 0.99999999799999994554 0.00000000099999999987 
0.00000000099999999986 0.99999999800000005656 0.00000000099999999986 
0.00000000099999999986 0.99999999800000005656 0.00000000099999999986 
0.00000000099999999976 0.99999999799999994554 0.00000000099999999976 
0.00000000099999999975 0.99999999799999994554 0.00000000099999999975 
0.00000000099999999983 0.99999999800000005656 0.00000000099999999983 
0.00000000099999999990 0.99999999799999994554 0.00000000099999999990 
0.00000000099999999987 0.99999999800000005656 0.00000000099999999987 
0.00000000099999999986 0.99999999799999994554 0.00000000099999999986 
0.00000000099999999977 0.99999999800000005656 0.00000000099999999977 
0.00000000099999999977 0.99999999799999994554 0.00000000099999999977 
0.47615033481793750392 0.36014602718303889706 0.16370363799902365454 
0.46818493590747617406 0.37681034959053150146 0.15500471450199240775 
0.42493565896834334383 0.41343862145183635226 0.16162571957982033166 
0.48747389835408821979 0.33778851831912010129 0.17473758332679167893 
0.44411470237505940029 0.38486607867358935131 0.17101921895135127616 
0.48458715192859735943 0.35757059866299351070 0.15784224940840921314 
0.47969731593176873075 0.38333990736703071889 0.13696277670120060588 
0.49782035383295331066 0.36454984052770750269 0.13762980563933926992 
0.48032819504032475688 0.35491771247249326304 0.16475409248718195232 
0.48661633207702226223 0.36374445784467002163 0.14963921007830766063 
0.45160779952415863736 0.38487304255813986620 0.16351915791770146869 
0.44027361773783640908 0.39327004854477320972 0.16645633371739035344 
0.42636432753590702838 0.40964532782751206241 0.16399034463658090921 
0.44332596337806223774 0.38155332983539536063 0.17512070678654245715 
0.44183935697518950114 0.39196677416176095576 0.16619386886304951534 
0.44460675694130186164 0.38415719279617444037 0.17123605026252369798 
0.44280808713411778932 0.39251958185403895696 0.16467233101184328148 
0.74037533956356560427 0.17452062581061295043 0.08510403462582144529 
0.72857751217523314402 0.19442047220101890681 0.07700201562374804631 
0.73289344967138092546 0.18336984409595094569 0.08373670623266807334 
0.72101938933777098839 0.19270341162355789089 0.08627719903867114848 
0.72036838699300176359 0.19781373635552515489 0.08181787665147312316 
0.00000000099999999999 0.99882229561061819378 0.00117770338938187830 
0.00000000099999999998 0.99999999799999994554 0.00000000099999999998 
0.00000000099999999995 0.99999999800000005656 0.00000000099999999995 
0.00000000099999999998 0.99999951466974223990 0.00000048433025771362 
0.00000000099999999999 0.99344853551836886929 0.00655146348163121797 
0.00000000099999999999 0.99999918127496811859 0.00000081772503199771 
0.00000000099999999999 0.99157930159781737522 0.00842069740218268428 
0.00000000099999999998 0.99985591563399711657 0.00014408336600291004 
0.00000000099999999997 0.99999999800000005656 0.00000000099999999997 
0.00000000099999999992 0.99999999799999994554 0.00000000099999999992 
0.00000000099999999993 0.99999999800000005656 0.00000000099999999993 
0.00000000099999999998 0.98901426252828483765 0.01098573647171523400 
0.00000000099999999989 0.99999999800000005656 0.00000000099999999989 
0.00000000099999999991 0.99999999800000005656 0.00000000099999999991 
0.00000000099999999988 0.99999999799999994554 0.00000000099999999988 
0.00000000099999999988 0.99999999800000005656 0.00000000099999999988 
0.00000000099999999991 0.99999999800000005656 0.00000000099999999991 
0.00000000099999999991 0.99999999800000005656 0.00000000099999999991 
0.00000000099999999991 0.99999999799999994554 0.00000000099999999991 
0.05459495817480570362 0.91225012230508661926 0.03315491952010759386 
0.06226570488664015524 0.89465785104220196811 0.04307644407115795299 
0.00000000099999999990 0.99999999800000005656 0.00000000099999999990 
0.00000000099999999991 0.99999999799999994554 0.00000000099999999991 
0.00000000099999999999 0.99999999037141595881 0.00000000862858398088 
0.00000000099999999987 0.99999999799999994554 0.00000000099999999987 
0.00000000099999999988 0.99999999800000005656 0.00000000099999999988 
0.00000000099999999997 0.99999999799999994554 0.00000000099999999997 
0.47604420340590208882 0.37034749682928524983 0.15360829976481268910 
0.47912644350143290817 0.37306944301617428472 0.14780411348239283487 
0.49050808699558318127 0.36556959043174902524 0.14392232257266776574 
0.47898844706882909295 0.36296560201347310981 0.15804595091769768622 
0.48523777690009439745 0.37013124907813932385 0.14463097402176613993 
0.35718046942366843410 0.48238908426351145842 0.16043044631282010748 
0.36027934243821202465 0.46398193257095332598 0.17573872499083453835 
0.36351718086156908916 0.46064479069409552947 0.17583802844433532586 
0.32471688657963604374 0.50512812392917083582 0.17015498949119309269 
0.36319478734996346603 0.46226899003789051479 0.17453622261214601918 
0.99999999799999994554 0.00000000099999999997 0.00000000099999999997 
0.99999968971699804143 0.00000000099999999999 0.00000030928300191136 
0.99999999799999994554 0.00000000099999999994 0.00000000099999999994 
0.99999999800000005656 0.00000000099999999996 0.00000000099999999996 
0.99999999799999994554 0.00000000099999999996 0.00000000099999999996 
0.12577658275348588268 0.07772633611944074206 0.79649708112707340302 
0.12916032299457771981 0.09226720073050398430 0.77857247627491821262 
0.11075324956502505258 0.07986294956638784193 0.80938380086858707774 
0.11555742924914043368 0.05963907149973642768 0.82480349925112317333 
0.10844077125981238519 0.05941447938099441578 0.83214474935919313658 
0.00000000099999999998 0.00000000099999999998 0.99999999799999994554 
0.00000000099999999990 0.00000000099999999990 0.99999999800000005656 
0.00000000099999999992 0.00000000099999999992 0.99999999799999994554 
0.00000000099999999995 0.00000000099999999995 0.99999999800000005656 
0.00000000099999999994 0.00000000099999999994 0.99999999799999994554 
0.99877543501587606745 0.00000000099999999999 0.00122456398412408942 
0.99999999800000005656 0.00000000099999999998 0.00000000099999999998 
0.99999999800000005656 0.00000000099999999996 0.00000000099999999996 
0.99999999800000005656 0.00000000099999999990 0.00000000099999999990 
0.99999999799999994554 0.00000000099999999993 0.00000000099999999993 
0.89659510812826326287 0.08645473670476348793 0.01695015516697327002 
0.93137251633369955162 0.05384583141016878460 0.01478165225613162215 
0.90979278122333795409 0.06767337748811759479 0.02253384128854440602 
0.85535543925610724170 0.09890621674141185371 0.04573834400248082133 
0.87561650647499944533 0.08602644883178325874 0.03835704469321719184 
0.97101258627671860335 0.00994762605784413161 0.01903978766543719045 
0.98522271095651203776 0.00002434902606229832 0.01475294001742573878 
0.97916933236989589506 0.00589452875372874999 0.01493613887637537489 
0.00000000600206150053 0.00000000099999999999 0.99999999299793851382 
0.02448190563488887236 0.00420003470856879571 0.97131805965654238744 
0.00000000099999999996 0.00000000099999999996 0.99999999800000005656 
0.99999999800000005656 0.00000000099999999994 0.00000000099999999994 
0.99999880760313941686 0.00000000099999999997 0.00000119139686062470 
0.99999999800000005656 0.00000000099999999996 0.00000000099999999996 
0.99999999799999994554 0.00000000099999999994 0.00000000099999999994 
0.99999999800000005656 0.00000000099999999993 0.00000000099999999993 
0.99999999800000005656 0.00000000099999999992 0.00000000099999999992 
0.99999999799999994554 0.00000000099999999996 0.00000000099999999996 
0.99999999800000005656 0.00000000099999999993 0.00000000099999999993 
0.99999999799999994554 0.00000000099999999992 0.00000000099999999992 
0.99999999800000005656 0.00000000099999999995 0.00000000099999999995 
0.99999999800000005656 0.00000000099999999991 0.00000000099999999991 
0.99999999800000005656 0.00000000099999999993 0.00000000099999999993 
0.99999999800000005656 0.00000000099999999989 0.00000000099999999989 
0.99999999800000005656 0.00000000099999999993 0.00000000099999999993 
0.99999999799999994554 0.00000000099999999993 0.00000000099999999993 
0.00000000099999999990 0.00000000099999999990 0.99999999799999994554 
0.00000000099999999994 0.00000000099999999994 0.99999999800000005656 
0.00000000099999999990 0.00000000099999999990 0.99999999799999994554 
0.00000000099999999987 0.00000000099999999987 0.99999999799999994554 
0.00000000099999999995 0.00000000099999999995 0.99999999800000005656 
0.93632098929509754992 0.02687503076229902366 0.03680397994260337091 
0.93777556978609377669 0.02906249580214223180 0.03316193441176400192 
0.97944828562452312948 0.00000161143593877261 0.02055010293953806258 
0.95094209588635514319 0.02089456834361468757 0.02816333577003021088 
0.97079857778028544324 0.01050793521218947903 0.01869348700752500314 
0.99959009973281165440 0.00000000099999999999 0.00040989926718843498 
0.99896409645362993501 0.00000000099999999998 0.00103590254636999352 
0.99999380415929006727 0.00000000099999999998 0.00000619484070985608 
0.99999999799999994554 0.00000000099999999997 0.00000000099999999997 
0.99998360510629369369 0.00000000099999999997 0.00001639389370641569 
0.99999999800000005656 0.00000000099999999996 0.00000000099999999996 
0.99999999800000005656 0.00000000099999999997 0.00000000099999999997 
0.99999999799999994554 0.00000000099999999996 0.00000000099999999996 
0.99999999800000005656 0.00000000099999999992 0.00000000099999999992 
0.99999999799999994554 0.00000000099999999994 0.00000000099999999994 
0.00000000099999999971 0.00000000099999999971 0.99999999799999994554 
0.00000000099999999987 0.00000000099999999987 0.99999999800000005656 
0.00000000099999999982 0.00000000099999999982 0.99999999799999994554 
0.00000000099999999973 0.00000000099999999973 0.99999999800000005656 
0.00000000099999999981 0.00000000099999999981 0.99999999799999994554 
0.75751190415517177801 0.17193034517980587683 0.07055775066502230353 
0.76025946326843907297 0.15973982879710632576 0.08000070793445465678 
0.75041726348899506771 0.17473758790255106144 0.07484514860845389861 
0.73469714063989755015 0.18430337270695795748 0.08099948665314454788 
0.75777158882113904159 0.16348147113587491175 0.07874694004298612993 
0.99999999800000005656 0.00000000099999999998 0.00000000099999999998 
0.99999999799999994554 0.00000000099999999997 0.00000000099999999997 
0.99999993491728678130 0.00000000099999999999 0.00000006408271325254 
0.99999999697953745326 0.00000000099999999999 0.00000000202046246422 
0.99999783543244991080 0.00000000099999999999 0.00000216356755015577 
0.99999999799999994554 0.00000000099999999992 0.00000000099999999992 
0.99999999799999994554 0.00000000099999999991 0.00000000099999999991 
0.99999999800000005656 0.00000000099999999991 0.00000000099999999991 
0.99999999800000005656 0.00000000099999999991 0.00000000099999999991 
0.99999999800000005656 0.00000000099999999993 0.00000000099999999993 
0.94368688109427145694 0.03222742852862712365 0.02408569037710145411 
0.96185677681144043927 0.01981139452453921715 0.01833182866402041991 
0.95694055714482439967 0.02497945029059034025 0.01807999256458520457 
0.92069115533156131725 0.04792317605816785037 0.03138566861027082544 
0.91756100125648709653 0.04966972441282928308 0.03276927433068375223 
0.98103922278087607456 0.00678660817229829842 0.01217416904682571896 
0.98240325483427670683 0.01230448058920760590 0.00529226457651570895 
0.98440267214748977675 0.00806260614570954853 0.00753472170680065303 
0.98686654705557808054 0.00728484825919322333 0.00584860468522874471 
0.99820882131256005732 0.00000000099999999999 0.00179117768744003298 
0.34356582119326145586 0.48183167218673472743 0.17460250662000384447 
0.33758818137508100898 0.48533773273886410271 0.17707408588605486055 
0.34437648950064719822 0.48387893123858172206 0.17174457926077110748 
0.54847660937145614746 0.32756459500520646033 0.12395879562333739221 
0.49540758685164726360 0.37672338061293092482 0.12786903253542181158 
0.07855968220145398417 0.05967948395496617403 0.86176083384357982098 
0.11788927100287713290 0.06563819754351749025 0.81647253145360543236 
0.04728025877548983069 0.04796549530501894448 0.90475424591949116238 
0.07051542908796633313 0.05666845157035751285 0.87281611934167613320 
0.05803053511852211688 0.03706915026719125039 0.90490031461428666049 
0.12109392841991130363 0.07753711104293842249 0.80136896053715034327 
0.08226666313695274457 0.05219824636451793343 0.86553509049852928037 
0.08566763417327363794 0.06129995187119106903 0.85303241395553530690 
0.05785198304858953089 0.04640216778324373487 0.89574584916816668567 
0.04043663031697342092 0.03151030582114370399 0.92805306386188290979 
0.06813165781334702686 0.05435552289817762589 0.87751281928847535418 
0.08141191080756816911 0.06770456403928523659 0.85088352515314658042 
0.07067373384575957596 0.12962461910679881627 0.79970164704744162165 
0.10401468204735866974 0.07397652221906594883 0.82200879573357532593 
0.09450721474409376488 0.05563485113072892674 0.84985793412517729450 
0.07956726703714499249 0.12786727804815165022 0.79256545491470331566 
0.06796244370808340873 0.05166859850146483107 0.88036895779045176713 
0.06746373640751862633 0.06134613888763189304 0.87119012470484946675 
0.06464248251272371182 0.11452108555761973674 0.82083643192965660695 
0.03277659939063402167 0.00745037000540218694 0.95977303060396379486 
0.01277666410232301472 0.00000000099999999999 0.98722333489767699621 
0.99999999799999994554 0.00000000099999999997 0.00000000099999999997 
0.96982764225233863975 0.03004890356511898467 0.00012345418254241369 
0.99671949518582170224 0.00328006191659155517 0.00000044289758662440 
0.99999999799999994554 0.00000000099999999996 0.00000000099999999996 
0.99999999800000005656 0.00000000099999999997 0.00000000099999999997 
0.00000000099999999977 0.00000000099999999977 0.99999999800000005656 
0.00000000099999999975 0.00000000099999999975 0.99999999800000005656 
0.90738688482048879269 0.07122464816604300031 0.02138846701346821047 
0.92367200482998623734 0.03805121125276340888 0.03827678391725018031 
0.84532492521658331164 0.12733920019423752845 0.02733587458917919460 
0.94159031923694924693 0.02822144558022843600 0.03018823518282235177 
0.96697610252314880608 0.01482065597811501288 0.01820324149873618624 
0.38749393188515701691 0.41114408103221805613 0.20136198708262489920 
0.42074301426030252804 0.37350418953773256714 0.20575279620196496033 
0.41351050237645259333 0.38841937439901896845 0.19807012322452843822 
0.40717804454742151377 0.39342759575976760100 0.19939435969281085748 
0.40695930081565789838 0.39129786997605048304 0.20174282920829161858 
0.99999999800000005656 0.00000000099999999992 0.00000000099999999992 
0.99999999800000005656 0.00000000099999999987 0.00000000099999999987 
0.99999999800000005656 0.00000000099999999992 0.00000000099999999992 
0.99999999800000005656 0.00000000099999999991 0.00000000099999999991 
0.99999999799999994554 0.00000000099999999993 0.00000000099999999993 
0.82400281695937083182 0.13282637850744910546 0.04317080453317995170 
0.83267991314861156127 0.11798284881708753780 0.04933723803430094257 
0.80024079734780995121 0.15097458162059160247 0.04878462103159841162 
0.77652421263486914871 0.16460754844992728230 0.05886823891520350654 
0.68701790736174961349 0.22122304506006404412 0.09175904757818631463 
0.05371343091564854261 0.04063261794945234595 0.90565395113489899348 
0.06283245056020159147 0.04048012695422403134 0.89668742248557442576 
0.09370156821858714735 0.05732530574167721965 0.84897312603973562606 
0.07396148390726856037 0.04668886980548329901 0.87934964628724809899 
0.08523145455784342239 0.05579683098319555140 0.85897171445896103315 
0.07129873698397601323 0.05403330624581777902 0.87466795677020625632 
0.99999999799999994554 0.00000000099999999985 0.00000000099999999985 
0.99999999800000005656 0.00000000099999999985 0.00000000099999999985 
0.99999999800000005656 0.00000000099999999988 0.00000000099999999988 
0.99999999800000005656 0.00000000099999999985 0.00000000099999999985 
0.99999999799999994554 0.00000000099999999985 0.00000000099999999985 
0.00000000099999999972 0.00000000099999999972 0.99999999799999994554 
0.00000000099999999968 0.00000000099999999968 0.99999999799999994554 
0.00000000099999999978 0.00000000099999999978 0.99999999800000005656 
0.00000000099999999970 0.00000000099999999970 0.99999999800000005656 
0.00000000099999999968 0.00000000099999999968 0.99999999799999994554 
0.94017774549454813382 0.05982225350545186671 0.00000000099999999999 
0.92052718903768115943 0.07888977644903413800 0.00058303451328464554 
0.93932892392426414752 0.05788381985390193135 0.00278725622183390856 
0.97399988616724075818 0.01306264177406159417 0.01293747205869763724 
0.93966606804220453864 0.05593652068930992510 0.00439741126848561519 
0.00000000099999999968 0.00000000099999999968 0.99999999799999994554 
0.00000000099999999965 0.00000000099999999965 0.99999999800000005656 
0.00000000099999999968 0.00000000099999999968 0.99999999799999994554 
0.00000000099999999966 0.00000000099999999966 0.99999999800000005656 
0.00000000099999999968 0.00000000099999999968 0.99999999800000005656 
0.13381130617647477021 0.07901911934417835126 0.78716957447934687853 
0.14590608586544939751 0.08729707659216198734 0.76679683754238858739 
0.14883739804641776816 0.08823875628159709439 0.76292384567198512357 
0.12521860521418146095 0.15185880195037934626 0.72292259283543924830 
0.13774224291546682819 0.07589152218660563665 0.78636623489792745190 
0.97596765151141162686 0.00853188912461372469 0.01550045936397469876 
0.95290767252022368083 0.02123282873717614871 0.02585949874260009412 
0.92607779429690184614 0.05436437196286503931 0.01955783374023307292 
0.93030519189648175349 0.05589496952017872222 0.01379983858333952429 
0.03586486983997017736 0.00018320030224041635 0.96395192985778932471 
0.06760863929350494073 0.01958590476976775074 0.91280545593672735016 
0.05263300977531339131 0.00898017614751413056 0.93838681407717250416 
0.00000000099999999996 0.00000000099999999996 0.99999999800000005656 
0.02268817617572696510 0.00000000099999999999 0.97731182282427297991 
0.93469938156370724336 0.03365961501476709417 0.03164100342152565554 
0.96498064602564437298 0.01516496291627225310 0.01985439105808336352 
0.94592723588278915248 0.03005407208911086217 0.02401869202809995413 
0.97361580212628950903 0.01251283364062814006 0.01387136423308238907 
0.99599549212598903480 0.00000180251616911873 0.00400270535784185040 
0.83733120600658950128 0.06972081585702469275 0.09294797813638577821 
0.82374053702287652889 0.07620153169409019100 0.10005793128303325235 
0.85127216144321826707 0.06519134650505978290 0.08353649205172189451 
0.85012942407794012123 0.06835544953598382545 0.08151512638607605332 
0.94302221296758581559 0.02753239844466076267 0.02944538858775344603 
0.99586388990899565865 0.00000000099999999999 0.00413610909100432453 
0.99078673599100819391 0.00000621989362672145 0.00920704411536514902 
0.99483522486504372129 0.00000000099999999999 0.00516477413495638679 
0.97843878299114894759 0.00720159499490999680 0.01435962201394105214 
0.99285227563535149997 0.00003207770145863330 0.00711564666318982748 
0.36045989218868984549 0.48640459001541747064 0.15313551779589262836 
0.37134693851809080778 0.47505348170438543853 0.15359957977752375369 
0.40660771528451056245 0.43206700709364109780 0.16132527762184822873 
0.19699788814202062737 0.65951805998061907577 0.14348405187736029687 
0.18966985225908786217 0.66862097979922086033 0.14170916794169127750 
0.19737151912405961895 0.66173418985293819272 0.14089429102300224383 
0.23832575949886444788 0.60556477491920124301 0.15610946558193433686 
0.19889721241579594313 0.65682238361365696822 0.14428040397054719968 
0.19684033068549730561 0.66529073622648360331 0.13786893308801914659 
0.21062422061302529808 0.63318806576274322406 0.15618771362423142235 
0.23659750617167218945 0.61428064290477157883 0.14912185092355628724 
0.21555341882203027382 0.62586732847251025369 0.15857925270545944474 
0.22396598716833251985 0.63528639938778841412 0.14074761344387895501 
0.49249349781809070858 0.38265854289663520094 0.12484795928527415987 
0.49494458008282410377 0.38664240339861732920 0.11841301651855858090 
0.49549615227161708519 0.38810262539949019756 0.11640122232889277276 
0.50384747360519788195 0.37755458823301463189 0.11859793816178759718 
0.51968361268528495689 0.35221605737765382393 0.12810032993706127469 
0.22655264394177027087 0.60584438091621606315 0.16760297514201361047 
0.21317530473729218166 0.63326564117702799361 0.15355905408567990800 
0.22150422723218887722 0.61466625266678021067 0.16382952010103096763 
0.22159382081213896409 0.62279437254086256193 0.15561180664699852949 
0.22301402218794583177 0.62107733984800272964 0.15590863796405146635 
0.27745548944235393085 0.55700362346940623937 0.16554088708823999632 
0.22845546123852972231 0.61963249692041044714 0.15191204184105974728 
0.22868267280499463001 0.61627270050214033592 0.15504462669286514509 
0.23658216301164283757 0.61279806309378659357 0.15061977389457065213 
0.23167767916344073065 0.62281136321369423570 0.14551095762286492263 
0.32069826800414469314 0.52252342313821020792 0.15677830885764507118 
0.30890507140524664509 0.54266061275575183664 0.14843431583900157378 
0.28239053182812756670 0.57719587546318473770 0.14041359270868758458 
0.30241955948322579717 0.54131852518616996317 0.15626191533060423966 
0.30040652036643017420 0.54231992064398826248 0.15727355898958145231 
