0.00000000099999999998 0.00000000099999999998 0.13484080287151226085 0.86515919512848771245 
0.00000000099999999996 0.00000000099999999996 0.11412747419421687134 0.88587252380578318522 
0.00000000099999999999 0.00000154041445900039 0.14262122489937964498 0.85737723368616147734 
0.00000000099999999998 0.00000000099999999998 0.12141905318240553413 0.87858094481759441141 
0.00000000099999999965 0.00000000099999999965 0.00000000099999999965 0.99999999699999997382 
0.00000000099999999966 0.00000000099999999966 0.00000000099999999966 0.99999999700000008485 
0.00000000099999999964 0.00000000099999999964 0.00000000099999999964 0.99999999699999997382 
0.00000000099999999967 0.00000000099999999967 0.00000000099999999967 0.99999999699999997382 
0.00000000099999999969 0.00000000099999999969 0.00000000099999999969 0.99999999699999997382 
0.00000000099999999967 0.00000000099999999967 0.00000000099999999967 0.99999999699999997382 
0.00000000099999999985 0.00000000099999999985 0.00000000099999999985 0.99999999700000008485 
0.00000000099999999988 0.00000000099999999988 0.00000000099999999988 0.99999999700000008485 
0.00000000099999999987 0.00000000099999999987 0.00000000099999999987 0.99999999699999997382 
0.00000000099999999986 0.00000000099999999986 0.00000000099999999986 0.99999999700000008485 
0.00000000099999999961 0.00000000099999999961 0.00000000099999999961 0.99999999700000008485 
0.00000000099999999959 0.00000000099999999959 0.00000000099999999959 0.99999999700000008485 
0.00000000099999999983 0.00000000099999999983 0.06572630684125282952 0.93427369115874725480 
0.00000000099999999989 0.00000000099999999989 0.00000000099999999989 0.99999999700000008485 
0.00000000099999999987 0.00000000099999999987 0.00000000099999999987 0.99999999699999997382 
0.00000000099999999985 0.00000000099999999985 0.00000000099999999985 0.99999999700000008485 
0.00000000099999999963 0.00000000099999999963 0.00000000099999999963 0.99999999699999997382 
0.00000000099999999964 0.00000000099999999964 0.00000000099999999964 0.99999999699999997382 
0.08485606285463084819 0.04100173168243432392 0.87414220446293477984 0.00000000099999999997 
0.06553941688429197610 0.02604522701497591353 0.90841535510073201376 0.00000000099999999997 
0.04437301688718310599 0.03667656635875087695 0.91895041575406588574 0.00000000099999999997 
0.08284190870730434586 0.04367565933687075908 0.87348243095582489559 0.00000000099999999997 
0.06115507844941243942 0.04191196310278495069 0.89693295744780254797 0.00000000099999999998 
0.10043144748171382863 0.03518625531638672893 0.85584939787048430748 0.00853289933141509853 
0.08739257848031498077 0.01437156113480036676 0.88713367348167015969 0.01110218690321448584 
0.10198221621575001561 0.01825564393807834959 0.86412836720261432255 0.01563377264355726715 
0.09075614286558103538 0.03878844465734947178 0.86168589607194789881 0.00876951640512163740 
0.09791813853444866766 0.02932606377537939554 0.87273514895064108199 0.00002064873953082827 
0.06084793181425786346 0.04017015422455085666 0.89898191296119134286 0.00000000099999999996 
0.04838360837845896711 0.04075586918254388985 0.91086052143899709499 0.00000000099999999996 
0.04015945046338611352 0.03559870187657356022 0.92424184666004027822 0.00000000099999999996 
0.06227275520986635948 0.04789432971288324487 0.88983291407725029210 0.00000000099999999997 
0.05046041571653871183 0.03883838920196600042 0.91070119408149530216 0.00000000099999999997 
0.04769177350672514082 0.03598799120465365209 0.91632023428862108272 0.00000000099999999997 
0.03811338555534653921 0.02738610359249588760 0.93450050985215760146 0.00000000099999999998 
0.30608589324667051512 0.00001710594418004019 0.69389699980914953947 0.00000000099999999998 
0.29119346755559710749 0.00000000099999999997 0.70880653044440267152 0.00000000099999999997 
0.30207968570928483976 0.00000000099999999997 0.69792031229071505027 0.00000000099999999997 
0.26327113208720803739 0.00000000099999999998 0.73672886591279196367 0.00000000099999999998 
0.28345828187404514820 0.00000000099999999999 0.71653717542215056291 0.00000454170380426300 
0.00000000099999999996 0.00000000099999999996 0.25493265990988267511 0.74506733809011727043 
0.00000000099999999997 0.00000000099999999997 0.23415140312674717626 0.76584859487325285254 
0.00000000099999999995 0.00000000099999999995 0.21771884512708666870 0.78228115287291333235 
0.00000000099999999996 0.00000000099999999996 0.24900091975873897554 0.75099907824126110878 
0.00000000099999999997 0.00000000099999999997 0.24743034448350045840 0.75256965351649962592 
0.00000000099999999998 0.00000000099999999998 0.23629400092185870452 0.76370599707814135204 
0.00000000099999999997 0.00000000099999999997 0.25457680157029477508 0.74542319642970522597 
0.00000000099999999996 0.00000000099999999996 0.25003209815892207812 0.74996789984107803395 
0.00000000099999999997 0.00000000099999999997 0.21778290749456766240 0.78221709050543231090 
0.00000000099999999995 0.00000000099999999995 0.09346117170935092089 0.90653882629064919119 
0.00000000099999999995 0.00000000099999999995 0.10186063930128741450 0.89813935869871264206 
0.00000000099999999997 0.00000000099999999997 0.24232378451219749316 0.75767621348780256341 
0.00000000099999999993 0.00000000099999999993 0.00000000099999999993 0.99999999699999997382 
0.00000000099999999995 0.00000000099999999995 0.00000000163802570641 0.99999999636197434150 
0.00000000099999999988 0.00000000099999999988 0.00000000099999999988 0.99999999700000008485 
0.00000000099999999989 0.00000000099999999989 0.00000000099999999989 0.99999999699999997382 
0.00000000099999999994 0.00000000099999999994 0.00000000099999999994 0.99999999700000008485 
0.00000000099999999992 0.00000000099999999992 0.00000000099999999992 0.99999999699999997382 
0.00000000099999999992 0.00000000099999999992 0.00000000099999999992 0.99999999699999997382 
0.00000010089437499764 0.00026208206831997236 0.31471061286652857181 0.68502720417077633819 
0.00000007847559215193 0.00440790136174029710 0.34578944791262600233 0.64980257225004156574 
0.00000000099999999995 0.00000000099999999995 0.00172131714598018257 0.99827868085401971765 
0.00000000099999999996 0.00000000099999999996 0.00316705268143483050 0.99683294531856514453 
0.00000000099999999999 0.00000000099999999999 0.11137413899980370957 0.88862585900019630536 
0.00000000099999999990 0.00000000099999999990 0.00000000099999999990 0.99999999699999997382 
0.00000000099999999990 0.00000000099999999990 0.00000000099999999990 0.99999999700000008485 
0.00000000099999999997 0.00000000099999999997 0.12128495662645606690 0.87871504137354394803 
0.09306848437014458852 0.03126632488812516875 0.86997912879047378798 0.00568606195125652674 
0.07841339105477151961 0.02029372331186065498 0.90129288463336776349 0.00000000099999999999 
0.08201659506060464400 0.01567940769191130193 0.90230399624748391929 0.00000000099999999999 
0.09626777371795670890 0.03159337173878430660 0.86382680114486598555 0.00831205339839288446 
0.10933174241648524472 0.02598816881987765087 0.85174153271715713487 0.01293855604647996434 
0.05376614036640962879 0.03740142345538479546 0.87151262709728105627 0.03731980908092454724 
0.06422158238267552943 0.05024116608746469204 0.83615781854325610389 0.04937943298660372321 
0.05357867548631416871 0.04975774124389708425 0.84958320885751470453 0.04708037441227409109 
0.02408329920407892288 0.03597191233985531228 0.90707369845859142643 0.03287108999747439392 
0.05239663186211481610 0.04754481012988596988 0.85407656050185720709 0.04598199750614194448 
0.94630331163537007022 0.00000000099999999998 0.05369668636462993777 0.00000000099999999998 
0.93463169816388735889 0.00000000099999999998 0.06536829983611258665 0.00000000099999999998 
0.98339800112391817510 0.00000000099999999997 0.01660199687608177738 0.00000000099999999997 
0.95673140966686498476 0.00000000099999999997 0.04326858833313498159 0.00000000099999999997 
0.98539512852800381637 0.00000000099999999997 0.01460486947199613438 0.00000000099999999997 
0.01897892805173011233 0.71521898158457075656 0.26580208936369914552 0.00000000099999999999 
0.01617990667256801254 0.69116663791139698603 0.29265345441603501930 0.00000000099999999999 
0.01061555782747748526 0.72277850639369689567 0.26660590229181851951 0.00000003348700707003 
0.01798990051576671370 0.74396862410329189785 0.23804147438094122591 0.00000000099999999999 
0.01311636972750961951 0.75122079137949537841 0.23566283789299485862 0.00000000099999999998 
0.00000000099999999996 0.96217146060625091675 0.03782853739374909818 0.00000000099999999996 
0.00000000099999999994 0.99993296458304059549 0.00006703341695928942 0.00000000099999999994 
0.00000000099999999994 0.98178744939500695033 0.01821254860499310971 0.00000000099999999994 
0.00000000099999999994 0.96748699144074135070 0.03251300655925866423 0.00000000099999999994 
0.00000000099999999994 0.96597799030957953725 0.03402200769042059564 0.00000000099999999994 
0.89393976212521086833 0.00000000099999999997 0.10606023587478916048 0.00000000099999999997 
0.93298705788753044654 0.00000000099999999998 0.06701294011246958227 0.00000000099999999998 
0.96250179579498618132 0.00000000099999999998 0.03749820220501382667 0.00000000099999999998 
0.99999999699999997382 0.00000000099999999990 0.00000000099999999990 0.00000000099999999990 
0.98150049763098468070 0.00000000099999999996 0.01849950036901526138 0.00000000099999999996 
0.72075318605475591216 0.00000000099999999999 0.27924681194524403338 0.00000000099999999999 
0.76313344244483682921 0.00000000099999999997 0.23686655555516322735 0.00000000099999999997 
0.71808415469663644526 0.00000000099999999997 0.28191584330336366682 0.00000000099999999997 
0.66568578428094915544 0.00924003952707765780 0.32507417519197301381 0.00000000099999999999 
0.68368482516263495707 0.00797537410394259100 0.30833979973342240388 0.00000000099999999998 
0.84827781389278944513 0.00853318920473289388 0.14318899590247752274 0.00000000099999999999 
0.86183748210664590239 0.00471294096846577425 0.13344957592488829179 0.00000000099999999998 
0.84148631548436014782 0.00310857589005496347 0.15540510762558479296 0.00000000099999999999 
0.00000000099999999996 0.95450739424425790070 0.04549260375574214199 0.00000000099999999996 
0.00000000099999999996 0.92244021495539130218 0.07755978304460868500 0.00000000099999999996 
0.00000000099999999995 0.96281255015197886316 0.03718744784802099912 0.00000000099999999995 
0.99158620926943874530 0.00000000099999999996 0.00841378873056131821 0.00000000099999999996 
0.95194847643610824850 0.00216546027398120417 0.04588606228991057995 0.00000000099999999997 
0.96371582329052951632 0.00087455338835717089 0.03540962232111326963 0.00000000099999999997 
0.96807992616815785603 0.00000000099999999996 0.03192007183184210339 0.00000000099999999996 
0.99453279502282243563 0.00000000099999999996 0.00546720297717771548 0.00000000099999999996 
0.97006368322623903744 0.00000000099999999993 0.02993631477376098790 0.00000000099999999993 
0.92569467359007540086 0.00000000099999999994 0.07430532440992466958 0.00000000099999999994 
0.99462262647206678423 0.00000000099999999997 0.00537737152793315177 0.00000000099999999997 
0.99999592750460153390 0.00000000099999999995 0.00000407049539839478 0.00000000099999999995 
0.97786459506206335757 0.00000000099999999996 0.02213540293793673716 0.00000000099999999996 
0.99999999699999997382 0.00000000099999999991 0.00000000099999999991 0.00000000099999999991 
0.99999999699999997382 0.00000000099999999992 0.00000000099999999992 0.00000000099999999992 
0.99999999699999997382 0.00000000099999999990 0.00000000099999999990 0.00000000099999999990 
0.99999999700000008485 0.00000000099999999994 0.00000000099999999994 0.00000000099999999994 
0.99999999700000008485 0.00000000099999999993 0.00000000099999999993 0.00000000099999999993 
0.00000000099999999993 0.99999939687842176461 0.00000060112157816910 0.00000000099999999993 
0.00000000099999999996 0.99999479856533601829 0.00000519943466399603 0.00000000099999999996 
0.00000000099999999994 0.99890050264886132148 0.00109949535113861214 0.00000000099999999994 
0.00000000099999999985 0.99999999700000008485 0.00000000099999999985 0.00000000099999999985 
0.00000000099999999997 0.99997837991875404562 0.00002161808124582643 0.00000000099999999997 
0.78292671830977111913 0.01613561486279173687 0.20093766582743710636 0.00000000099999999998 
0.79400245777784839163 0.01530158896270633791 0.19069595225944521721 0.00000000099999999999 
0.87752239454624492154 0.01268326614121893271 0.10979433831253597453 0.00000000099999999998 
0.81928958142374019857 0.01473858990202964701 0.16597182767423004912 0.00000000099999999999 
0.83509681801244928234 0.00711609769009416936 0.15778708329745647077 0.00000000099999999998 
0.89274282267907378863 0.00000000099999999998 0.10725717532092621243 0.00000000099999999998 
0.88148602735045911150 0.00000000099999999997 0.11851397064954080629 0.00000000099999999997 
0.89034641274063008876 0.00000000099999999997 0.10965358525936995393 0.00000000099999999997 
0.89995418118198167168 0.00000000099999999996 0.10004581681801831550 0.00000000099999999996 
0.90111083157850702108 0.00000000099999999997 0.09888916642149302161 0.00000000099999999997 
0.96567887800404794696 0.00000000099999999998 0.03432111999595204715 0.00000000099999999998 
0.99969704915599588713 0.00000000099999999998 0.00030294884400409913 0.00000000099999999998 
0.98840371468249632603 0.00000000099999999998 0.01159628331750378084 0.00000000099999999998 
0.99999999699999997382 0.00000000099999999994 0.00000000099999999994 0.00000000099999999994 
0.99999999700000008485 0.00000000099999999996 0.00000000099999999996 0.00000000099999999996 
0.00000000099999999959 0.99999999700000008485 0.00000000099999999959 0.00000000099999999959 
0.00000000099999999982 0.99999999700000008485 0.00000000099999999982 0.00000000099999999982 
0.00000000099999999974 0.99999999699999997382 0.00000000099999999974 0.00000000099999999974 
0.00000000099999999962 0.99999999700000008485 0.00000000099999999962 0.00000000099999999962 
0.00000000099999999973 0.99999999700000008485 0.00000000099999999973 0.00000000099999999973 
0.52025977493594299794 0.00996292375614133557 0.46559198815260754989 0.00418531315530812787 
0.52757728022278060909 0.01666656043777987525 0.45344238727741542627 0.00231377206202415748 
0.50745247026132855872 0.00956169346264180813 0.48157176522426653476 0.00141407105176307606 
0.48882997752311824202 0.01472562596271625307 0.49329003689767114693 0.00315435961649433239 
0.50691877187846146047 0.01397204390758600284 0.47893627062984045484 0.00017291358411203385 
0.92951903883799058548 0.00000000099999999998 0.07048095916200929067 0.00000000099999999998 
0.93238243883515015131 0.00000000099999999997 0.06761755916484982198 0.00000000099999999997 
0.91014065130306520679 0.00000000099999999998 0.08985934669693479426 0.00000000099999999998 
0.91194943811357243035 0.00000000099999999998 0.08805055988642762621 0.00000000099999999998 
0.91381519839651559334 0.00000000099999999998 0.08618479960348433833 0.00000000099999999998 
0.99999999699999997382 0.00000000099999999992 0.00000000099999999992 0.00000000099999999992 
0.99999999699999997382 0.00000000099999999993 0.00000000099999999993 0.00000000099999999993 
0.99999999699999997382 0.00000000099999999992 0.00000000099999999992 0.00000000099999999992 
0.99999999699999997382 0.00000000099999999991 0.00000000099999999991 0.00000000099999999991 
0.99999999699999997382 0.00000000099999999993 0.00000000099999999993 0.00000000099999999993 
0.79181746307662603801 0.00566596971471326066 0.20251656620866073655 0.00000000099999999998 
0.82280673877120014126 0.00308080484052724712 0.17411245538827258006 0.00000000099999999998 
0.81543448089077819052 0.00109465324320679402 0.18347086486601496547 0.00000000099999999998 
0.75159594272727414666 0.01187294462111718879 0.23653111165160861651 0.00000000099999999999 
0.73548039057004344077 0.00899922433719582172 0.25552038409276073283 0.00000000099999999999 
0.87568586670659565030 0.00084566017085123337 0.12346847212255315784 0.00000000099999999998 
0.87255703110525950628 0.00000000099999999998 0.12744296689474043927 0.00000000099999999998 
0.88255536376704779578 0.00000008849051203880 0.11744454674244013404 0.00000000099999999999 
0.88959850787893990365 0.00000000099999999999 0.11040149012106019455 0.00000000099999999999 
0.90913494404378547564 0.00000000099999999998 0.09086505395621444214 0.00000000099999999998 
0.03373426800596149300 0.04598042333638866636 0.87416862817177021228 0.04611668048587956592 
0.02988677414177328545 0.04987895165183794249 0.86151637901780586670 0.05871789518858284984 
0.03822151560669721782 0.04384786085119668497 0.86644127430868533857 0.05148934923342075171 
0.17487629198917081785 0.01898598540850412672 0.79378377667260946460 0.01235394592971561858 
0.12818696669140849931 0.01473464302952190268 0.84566159953184538711 0.01141679074722430458 
0.00370841019964368926 0.78972122987995330146 0.20657035892040284675 0.00000000099999999999 
0.01968533168378549386 0.74153064803421819828 0.23878401928199619042 0.00000000099999999998 
0.00000000099999999996 0.83565801781882853572 0.16434198018117138207 0.00000000099999999996 
0.00000000099999999998 0.79872107072644649151 0.20127892727355350955 0.00000000099999999998 
0.00000000099999999997 0.84135591353434757700 0.15864408446565225752 0.00000000099999999997 
0.02265937696351614725 0.72269570188793053056 0.25464492014855322211 0.00000000099999999999 
0.00724660481564610385 0.79464445028405483740 0.19810894390029892831 0.00000000099999999998 
0.00523424081016737788 0.77545022975735189430 0.21931552843248058871 0.00000000099999999999 
0.00000145479521499614 0.82716497179843828658 0.17283357240634664165 0.00000000099999999999 
0.00000000099999999997 0.86402545834991184570 0.13597453965008823862 0.00000000099999999997 
0.00000424150458060163 0.81030576116278385523 0.18968999633263550209 0.00000000099999999999 
0.00500608457195592105 0.77817618139473987426 0.21681773303330406644 0.00000000099999999999 
0.00000000099999999996 0.72231207673001396330 0.27768792126998598224 0.00000000099999999996 
0.00857434504951918273 0.74415511431245151552 0.24727053963802939074 0.00000000099999999998 
0.01426066460048752357 0.78030670571992144513 0.20543262867959108386 0.00000000099999999998 
0.00000000099999999996 0.70946816602951900954 0.29053183197048088049 0.00000000099999999996 
0.00000000099999999998 0.80627878027460875288 0.19372121772539127593 0.00000000099999999998 
0.00000000099999999998 0.79416045094593834541 0.20583954705406157237 0.00000000099999999998 
0.00000000099999999997 0.73331446377550435489 0.26668553422449553514 0.00000000099999999997 
0.00000000099999999997 0.90978235490362480142 0.09021764309637515800 0.00000000099999999997 
0.00000000099999999997 0.94513600496539795781 0.05486399303460198079 0.00000000099999999997 
0.94199416768143351408 0.00000000099999999997 0.05800583031856642452 0.00000000099999999997 
0.86743428558223478753 0.00000000099999999997 0.13256571241776529679 0.00000000099999999997 
0.90191226078411701472 0.00000000099999999997 0.09808773721588302796 0.00000000099999999997 
0.95792161074058146397 0.00000000099999999998 0.04207838725941850239 0.00000000099999999998 
0.94402715537051640204 0.00000000099999999998 0.05597284262948350186 0.00000000099999999998 
0.00000000099999999971 0.99999999699999997382 0.00000000099999999971 0.00000000099999999971 
0.00000000099999999968 0.99999999699999997382 0.00000000099999999968 0.00000000099999999968 
0.73484078242254935454 0.00382652646929039237 0.26133269010816012612 0.00000000099999999997 
0.76218729055112288684 0.01614980738237017238 0.22166290106650696212 0.00000000099999999998 
0.63902280603028016603 0.00219409709854775405 0.35878309587117196422 0.00000000099999999996 
0.79022597297192065380 0.01152118336219539775 0.19825284266588397153 0.00000000099999999998 
0.84611092620428063338 0.00806680094885950383 0.14582227184685989108 0.00000000099999999998 
0.04496693092226776434 0.05443013132928762460 0.90060293674844449363 0.00000000099999999999 
0.07789871131132332371 0.06578082088590979370 0.85632046680276685535 0.00000000099999999998 
0.06487044877329656289 0.05387448732502685828 0.88125506290167654466 0.00000000099999999999 
0.04500347426816372204 0.04683538426478767169 0.90816114046704854434 0.00000000099999999998 
0.04710587114401735415 0.05070668546588774639 0.90218744239009496244 0.00000000099999999999 
0.99999999700000008485 0.00000000099999999993 0.00000000099999999993 0.00000000099999999993 
0.99999999700000008485 0.00000000099999999987 0.00000000099999999987 0.00000000099999999987 
0.99999999699999997382 0.00000000099999999990 0.00000000099999999990 0.00000000099999999990 
0.99999999699999997382 0.00000000099999999991 0.00000000099999999991 0.00000000099999999991 
0.99999999700000008485 0.00000000099999999995 0.00000000099999999995 0.00000000099999999995 
0.59971736455694757417 0.00518208012328246186 0.39144173375100071999 0.00365882156876929255 
0.62625445351712072384 0.01025971754145249548 0.36247277950555278903 0.00101304943587395154 
0.56766871239644789426 0.00132424876676216535 0.43060803318043427979 0.00039900565635564629 
0.54488315206052584383 0.00667890553890904126 0.44456899011150874390 0.00386895228905652366 
0.40415089753952071483 0.01770447440181193571 0.57803360628046951408 0.00011102177819788293 
0.00000000099999999998 0.84070366924733030967 0.15929632875266971914 0.00000000099999999998 
0.00000218251012593688 0.82618043441458188791 0.17381738207529212614 0.00000000099999999999 
0.00561765920012610720 0.77129274546524839717 0.22308959433462541289 0.00000000099999999999 
0.00933713734638269219 0.81071153851627253406 0.17995132313734485408 0.00000000099999999998 
0.00275018206140288397 0.78454298756234575052 0.21270682937625118303 0.00000000099999999998 
0.00368039991029292394 0.80904508669243935248 0.18727451239726780607 0.00000000099999999999 
0.99999999700000008485 0.00000000099999999982 0.00000000099999999982 0.00000000099999999982 
0.99999999700000008485 0.00000000099999999983 0.00000000099999999983 0.00000000099999999983 
0.99999999700000008485 0.00000000099999999986 0.00000000099999999986 0.00000000099999999986 
0.99999999700000008485 0.00000000099999999981 0.00000000099999999981 0.00000000099999999981 
0.99999999699999997382 0.00000000099999999982 0.00000000099999999982 0.00000000099999999982 
0.00000000099999999960 0.99999999700000008485 0.00000000099999999960 0.00000000099999999960 
0.00000000099999999954 0.99999999700000008485 0.00000000099999999954 0.00000000099999999954 
0.00000000099999999968 0.99999999700000008485 0.00000000099999999968 0.00000000099999999968 
0.00000000099999999956 0.99999999699999997382 0.00000000099999999956 0.00000000099999999956 
0.00000000099999999954 0.99999999699999997382 0.00000000099999999954 0.00000000099999999954 
0.77983367006439008318 0.00000000099999999994 0.22016632793561000114 0.00000000099999999994 
0.74517319855037644771 0.00000000099999999994 0.25482679944962355334 0.00000000099999999994 
0.76247468006107543825 0.00000000099999999995 0.23752531793892450729 0.00000000099999999995 
0.82583500199842263534 0.00000919665460171661 0.17415580034697561440 0.00000000099999999998 
0.76353036341912439156 0.00000000099999999994 0.23646963458087563725 0.00000000099999999994 
0.00000000099999999954 0.99999999699999997382 0.00000000099999999954 0.00000000099999999954 
0.00000000099999999949 0.99999999700000008485 0.00000000099999999949 0.00000000099999999949 
0.00000000099999999955 0.99999999699999997382 0.00000000099999999955 0.00000000099999999955 
0.00000000099999999951 0.99999999700000008485 0.00000000099999999951 0.00000000099999999951 
0.00000000099999999954 0.99999999699999997382 0.00000000099999999954 0.00000000099999999954 
0.01348576601743315534 0.69602317910045619076 0.29049105388211055034 0.00000000099999999998 
0.00808601941723703470 0.67281681374175839050 0.31909716584100461523 0.00000000099999999998 
0.02056692124088390153 0.67620717413790376593 0.30322590362121221164 0.00000000099999999997 
0.00026854707194799818 0.62902022678009161805 0.37071122514796028824 0.00000000099999999996 
0.01576645706410939943 0.70213736552021299708 0.28209617641567741320 0.00000000099999999997 
0.84044881858981979050 0.00031934289856144196 0.15923183751161876232 0.00000000099999999997 
0.80972331650863271779 0.00843345312853079586 0.18184322936283636718 0.00000000099999999998 
0.75974349266029639338 0.00000000111544620320 0.24025650522425751054 0.00000000099999999996 
0.74822907011732031624 0.00000000099999999997 0.25177092788267962931 0.00000000099999999997 
0.00000000099999999996 0.90650453671620856433 0.09349546128379143672 0.00000000099999999996 
0.00051109837554968356 0.84557265478265453140 0.15391624584179577906 0.00000000099999999997 
0.00033942099448545536 0.88309346745564920589 0.11656711054986523823 0.00000000099999999997 
0.00000000099999999993 0.95742722000206281763 0.04257277799793713485 0.00000000099999999993 
0.00000000099999999995 0.93363525287968218702 0.06636474512031782791 0.00000000099999999995 
0.77396994326157575461 0.00745591076697571173 0.21857414497144847521 0.00000000099999999999 
0.83751539866215152230 0.00607634798657000989 0.15640825235127844839 0.00000000099999999999 
0.78003377212799862583 0.00119499120315582773 0.21877123566884554284 0.00000000099999999999 
0.84235161840326600036 0.00014204506865029472 0.15750633552808362969 0.00000000099999999999 
0.89640164450665948959 0.00000000236255394410 0.10359835213078646965 0.00000000099999999999 
0.58079252891895671862 0.03651066854797377359 0.38269680153306934178 0.00000000099999999997 
0.55981578562943767885 0.03897488191074296310 0.40120933145981940715 0.00000000099999999997 
0.58615610225516079357 0.02749176379414518603 0.38635213295069387174 0.00000000099999999997 
0.60276477482644363892 0.03089979057657827807 0.36633543359697812170 0.00000000099999999997 
0.79095216883148933285 0.01186651800641153054 0.19718131216209899836 0.00000000099999999999 
0.90174571374320844352 0.00000123796802747045 0.09825304728876391169 0.00000000099999999998 
0.87345266011161337705 0.00000000150287373742 0.12654733738551282585 0.00000000099999999998 
0.89942947315942300968 0.00012554868261008357 0.10044497715796688042 0.00000000099999999998 
0.84174336367194757536 0.00003266597072897880 0.15822396935732357948 0.00000000099999999998 
0.88879542846001224898 0.00000013801860152617 0.11120443252138623169 0.00000000099999999998 
0.04578978219727398297 0.02867454459358208599 0.92553567220914401137 0.00000000099999999999 
0.05289971000194709089 0.02770747841797092936 0.91459521057024961710 0.00479760100983228546 
0.07146466070405547988 0.03497027900206158696 0.89308858091836729187 0.00047647937551553862 
0.00000000099999999985 0.00000000099999999985 0.99999999699999986280 0.00000000099999999985 
0.00000000099999999984 0.00000000099999999984 0.99999999699999986280 0.00000000099999999984 
0.00000000099999999985 0.00000000099999999985 0.99999999699999986280 0.00000000099999999985 
0.00000000099999999993 0.00000000099999999993 0.99999999699999986280 0.00000000099999999993 
0.00000000099999999984 0.00000000099999999984 0.99999999699999986280 0.00000000099999999984 
0.00000000099999999983 0.00000000099999999983 0.99999999699999986280 0.00000000099999999983 
0.00000000099999999988 0.00000000099999999988 0.99999999699999986280 0.00000000099999999988 
0.00000000099999999989 0.00000000099999999989 0.99999999699999997382 0.00000000099999999989 
0.00000000099999999990 0.00000000099999999990 0.99999999699999997382 0.00000000099999999990 
0.00000000099999999989 0.00000000099999999989 0.99999999699999997382 0.00000000099999999989 
0.16650005744938736751 0.01604501812837515543 0.81421416643528776724 0.00324075798694969117 
0.16595925238919079225 0.01288660114804225133 0.82115414546276699337 0.00000000099999999999 
0.17284676087217232254 0.01078345747266147743 0.81635922655356052413 0.00001055510160568101 
0.18167524847183355585 0.01591539287637115316 0.80053968110364281952 0.00186967754815253718 
0.18792136388455943363 0.01576934327079143605 0.79432461858668046428 0.00198467425796865953 
0.00000000099999999987 0.00000000099999999987 0.99999999699999997382 0.00000000099999999987 
0.00000000099999999986 0.00000000099999999986 0.99999999699999997382 0.00000000099999999986 
0.00000000099999999987 0.00000000099999999987 0.99999999699999986280 0.00000000099999999987 
0.00000000099999999986 0.00000000099999999986 0.99999999699999986280 0.00000000099999999986 
0.00000000099999999987 0.00000000099999999987 0.99999999699999997382 0.00000000099999999987 
0.00000000099999999993 0.00000000099999999993 0.99999999699999997382 0.00000000099999999993 
0.00000000099999999986 0.00000000099999999986 0.99999999699999997382 0.00000000099999999986 
0.00000000099999999986 0.00000000099999999986 0.99999999699999997382 0.00000000099999999986 
0.00000000099999999986 0.00000000099999999986 0.99999999699999986280 0.00000000099999999986 
0.00000000099999999985 0.00000000099999999985 0.99999999699999997382 0.00000000099999999985 
0.00000000099999999993 0.00000000099999999993 0.99999999699999986280 0.00000000099999999993 
0.00000000099999999992 0.00000000099999999992 0.99999999699999997382 0.00000000099999999992 
0.00000000099999999989 0.00000000099999999989 0.99999999699999986280 0.00000000099999999989 
0.00000000099999999993 0.00000000099999999993 0.99999999699999997382 0.00000000099999999993 
0.00000000099999999990 0.00000000099999999990 0.99999999699999986280 0.00000000099999999990 
