0.00000000099999999997 0.00000000099999999997 0.06176902310870535651 0.60602252906171971691 0.08674795379139457752 0.24546049203818040563 
0.00000000099999999996 0.00000000099999999996 0.01468406370864254115 0.64671102461275387085 0.10744973717994965590 0.23115517249865405458 
0.00000000099999999998 0.00000000099999999998 0.06480921641942251343 0.59034449917084352855 0.08575295165100128847 0.25909333075873275387 
0.00000000099999999997 0.00000000099999999997 0.04135963896058983402 0.61210247345162893673 0.09109562650837742248 0.25544225907940376619 
0.00000000099999999942 0.00000000099999999942 0.00000000099999999942 0.99999999500000003039 0.00000000099999999942 0.00000000099999999942 
0.00000000099999999951 0.00000000099999999951 0.00000000099999999951 0.99999999500000003039 0.00000000099999999951 0.00000000099999999951 
0.00000000099999999941 0.00000000099999999941 0.00000000099999999941 0.99999999500000003039 0.00000000099999999941 0.00000000099999999941 
0.00000000099999999944 0.00000000099999999944 0.00000000099999999944 0.99999999499999991937 0.00000000099999999944 0.00000000099999999944 
0.00000000099999999962 0.00000000099999999962 0.00000000099999999962 0.99999999500000003039 0.00000000099999999962 0.00000000099999999962 
0.00000000099999999955 0.00000000099999999955 0.00000000099999999955 0.99999999500000003039 0.00000000099999999955 0.00000000099999999955 
0.00000000099999999986 0.00000000099999999986 0.00000000099999999986 0.82129067126665078469 0.00000000099999999986 0.17870932473334932844 
0.00000000099999999990 0.00000000099999999990 0.00000000099999999990 0.80101192057073111741 0.00000000099999999990 0.19898807542926885694 
0.00000000099999999988 0.00000000099999999988 0.00000000099999999988 0.81444241040089149219 0.00000000099999999988 0.18555758559910848216 
0.00000000099999999988 0.00000000099999999988 0.00000000099999999988 0.81225384595718164160 0.00000000099999999988 0.18774615004281841601 
0.00000000099999999926 0.00000000099999999926 0.00000000099999999926 0.99999999500000003039 0.00000000099999999926 0.00000000099999999926 
0.00000000099999999920 0.00000000099999999920 0.00000000099999999920 0.99999999499999991937 0.00000000099999999920 0.00000000099999999920 
0.00000000099999999981 0.00000000099999999981 0.00000000099999999981 0.79552174456440649664 0.08480218439474036807 0.11967606804085306749 
0.00000000099999999989 0.00000000099999999989 0.00000000099999999989 0.79792172034986841300 0.00000000099999999989 0.20207827565013156135 
0.00000000099999999990 0.00000000099999999990 0.00000000099999999990 0.81731437359873804205 0.00000000099999999990 0.18268562240126190455 
0.00000000099999999987 0.00000000099999999987 0.00000000099999999987 0.83120210813864903177 0.00000000099999999987 0.16879788786135102585 
0.00000000099999999931 0.00000000099999999931 0.00000000099999999931 0.99999999500000003039 0.00000000099999999931 0.00000000099999999931 
0.00000000099999999928 0.00000000099999999928 0.00000000099999999928 0.99999999500000003039 0.00000000099999999928 0.00000000099999999928 
0.01494929688720721822 0.00000000099999999992 0.63704366254258060209 0.00000000099999999992 0.34800703757021228535 0.00000000099999999992 
0.00000000099999999990 0.00000000099999999990 0.63125476376202893647 0.00000000099999999990 0.36874523223797089910 0.00000000099999999990 
0.01259060172034460502 0.00000000099999999989 0.56681642398926446180 0.00000000099999999989 0.42059297129039091567 0.00000000099999999989 
0.02032253555102702530 0.00000000099999999992 0.67067790939962224073 0.00000000099999999992 0.30899955204935075637 0.00000000099999999992 
0.01732283687002480685 0.00000000099999999993 0.60282838905559044118 0.00000000099999999993 0.37984877107438469457 0.00000000099999999993 
0.00000000099999999991 0.00000000099999999991 0.98726804914317178863 0.00000000099999999991 0.01273194685682820827 0.00000000099999999991 
0.00000000099999999991 0.00000000099999999991 0.99951694735999263575 0.00000000099999999991 0.00048304864000717955 0.00000000099999999991 
0.00000000099999999989 0.00000000099999999989 0.99999999500000003039 0.00000000099999999989 0.00000000099999999989 0.00000000099999999989 
0.00000000099999999991 0.00000000099999999991 0.96647058092127735573 0.00000000099999999991 0.03352941507872264637 0.00000000099999999991 
0.00000000099999999988 0.00000000099999999988 0.99339377309706067276 0.00000000099999999988 0.00660622290293927036 0.00000000099999999988 
0.01759128528334328104 0.00000000099999999989 0.59392198985798982935 0.00000000099999999989 0.38848672185866683915 0.00000000099999999989 
0.01703872901561966774 0.00000000099999999988 0.59173141331272760546 0.00000000099999999988 0.39122985467165261042 0.00000000099999999988 
0.01111332996451242991 0.00000000099999999987 0.58433004789153364378 0.00000000099999999987 0.40455661914395396606 0.00000000099999999987 
0.02257708455734776937 0.00000000099999999991 0.61009196180382518904 0.00000000099999999991 0.36733095063882709175 0.00000000099999999991 
0.01504263898260361186 0.00000000099999999990 0.59966844895026849560 0.00000000099999999990 0.38528890906712798259 0.00000000099999999990 
0.00009676914037724019 0.00000000099999999991 0.64166535186279993752 0.00000000099999999991 0.35823787599682277438 0.00000000099999999991 
0.00000000354621276129 0.00000000099999999994 0.62031469448914922094 0.00000000099999999994 0.37968529896463804052 0.00000000099999999994 
0.00000000099999999974 0.00000000099999999974 0.99999999499999991937 0.00000000099999999974 0.00000000099999999974 0.00000000099999999974 
0.00000000099999999971 0.00000000099999999971 0.99999999499999991937 0.00000000099999999971 0.00000000099999999971 0.00000000099999999971 
0.00000000099999999970 0.00000000099999999970 0.99999999500000003039 0.00000000099999999970 0.00000000099999999970 0.00000000099999999970 
0.00000000099999999979 0.00000000099999999979 0.99999999499999991937 0.00000000099999999979 0.00000000099999999979 0.00000000099999999979 
0.00000000099999999975 0.00000000099999999975 0.99999999500000003039 0.00000000099999999975 0.00000000099999999975 0.00000000099999999975 
0.00000000099999999995 0.00000000099999999995 0.00000000099999999995 0.07831289147397575701 0.04662432145712222531 0.87506278406890192212 
0.00000000099999999996 0.00000000099999999996 0.00000000099999999996 0.03657604842341441453 0.01532221339607593366 0.94810173518050966379 
0.00000000099999999991 0.00000000099999999991 0.00000000099999999991 0.05412360999238617632 0.00000000099999999991 0.94587638600761370089 
0.00000000099999999994 0.00000000099999999994 0.00000000099999999994 0.07669952408636117325 0.04254024346415127833 0.88076022944948761939 
0.00000000099999999996 0.00000000099999999996 0.00000000099999999996 0.06827996504291980462 0.05747777161847308913 0.87424226033860719109 
0.00000000099999999997 0.00000000099999999997 0.00000000099999999997 0.05951965367569851673 0.04129068629257931500 0.89918965703172226700 
0.00000000099999999996 0.00000000099999999996 0.00000000099999999996 0.05012945301497006428 0.06383720065491133022 0.88603334333011862789 
0.00000000099999999994 0.00000000099999999994 0.00000000099999999994 0.08137255803696391565 0.04818108350334898010 0.87044635545968707113 
0.00000000099999999995 0.00000000099999999995 0.00000000099999999995 0.06029331628543856125 0.00291675571022303320 0.93678992500433844182 
0.00000000099999999969 0.00000000099999999969 0.00000000099999999969 0.00000000099999999969 0.00000000099999999969 0.99999999499999991937 
0.00000000099999999972 0.00000000099999999972 0.00000000099999999972 0.00000000099999999972 0.00000000099999999972 0.99999999499999991937 
0.00000000099999999995 0.00000000099999999995 0.00000000099999999995 0.05622236669776000534 0.05262923247289749001 0.89114839782934252010 
0.00000000099999999951 0.00000000099999999951 0.00000000099999999951 0.00000000099999999951 0.00000000099999999951 0.99999999499999991937 
0.00000000099999999956 0.00000000099999999956 0.00000000099999999956 0.00000000099999999956 0.00000000099999999956 0.99999999500000003039 
0.00000000099999999958 0.00000000099999999958 0.00000000099999999958 0.00000000099999999958 0.00000000099999999958 0.99999999500000003039 
0.00000000099999999957 0.00000000099999999957 0.00000000099999999957 0.00000000099999999957 0.00000000099999999957 0.99999999499999991937 
0.00000000099999999958 0.00000000099999999958 0.00000000099999999958 0.00000000099999999958 0.00000000099999999958 0.99999999499999991937 
0.00000000099999999965 0.00000000099999999965 0.00000000099999999965 0.00000000099999999965 0.00000000099999999965 0.99999999499999991937 
0.00000000099999999967 0.00000000099999999967 0.00000000099999999967 0.00000000099999999967 0.00000000099999999967 0.99999999499999991937 
0.00000000099999999999 0.00000000099999999999 0.03684546055402725812 0.03466426492966313833 0.16130541045769294928 0.76718486205861669003 
0.00000000099999999999 0.00000000099999999999 0.05484026057344595917 0.02406103859078435186 0.18031027763752657811 0.74078842119824295231 
0.00000000099999999954 0.00000000099999999954 0.00000000099999999954 0.00000000099999999954 0.00000000099999999954 0.99999999499999991937 
0.00000000099999999956 0.00000000099999999956 0.00000000099999999956 0.00000000099999999956 0.00000000099999999956 0.99999999500000003039 
0.00000000099999999997 0.00000000099999999997 0.00000000099999999997 0.04651283526502269366 0.00029145376653398700 0.95319570796844332872 
0.00000000099999999944 0.00000000099999999944 0.00000000099999999944 0.00000000099999999944 0.00000000099999999944 0.99999999500000003039 
0.00000000099999999946 0.00000000099999999946 0.00000000099999999946 0.00000000099999999946 0.00000000099999999946 0.99999999499999991937 
0.00000000099999999992 0.00000000099999999992 0.00000000099999999992 0.01184182917744449129 0.00000000099999999992 0.98815816682255563919 
0.00000000099999999988 0.00000000099999999988 0.99781624058545281830 0.00000000099999999988 0.00218375541454706107 0.00000000099999999988 
0.00000000099999999983 0.00000000099999999983 0.99999999499999991937 0.00000000099999999983 0.00000000099999999983 0.00000000099999999983 
0.00000000099999999983 0.00000000099999999983 0.99999999500000003039 0.00000000099999999983 0.00000000099999999983 0.00000000099999999983 
0.00000000099999999989 0.00000000099999999989 0.99999999499999991937 0.00000000099999999989 0.00000000099999999989 0.00000000099999999989 
0.00000000099999999989 0.00000000099999999989 0.99999999499999991937 0.00000000099999999989 0.00000000099999999989 0.00000000099999999989 
0.02950943445664737028 0.02524599634770258519 0.35224462010685231306 0.00000000099999999999 0.52111167839709648941 0.07188826969170113157 
0.04116802532748050497 0.03281325471996903581 0.36225454125560102581 0.00000000100000000000 0.47575748920188060120 0.08800668849506862457 
0.04052109083877252632 0.02066166866159301410 0.36289981333759763205 0.00000000100000000000 0.49016849464128980918 0.08574893152074693214 
0.03101063900528595874 0.00001238712369559013 0.33087710430729883049 0.00000000099999999999 0.56924532197133503875 0.06885454659238446351 
0.03723190962036830587 0.01489732193140750303 0.40219023491194572095 0.00000000099999999999 0.46608067347872739195 0.07959985905755109781 
0.00000000099999999996 0.92719464855822342209 0.05639369301035326854 0.00000000099999999996 0.01641165543142343586 0.00000000099999999996 
0.00000000099999999996 0.91729661866139722282 0.05323069075125318184 0.00000000099999999996 0.02947268758734971142 0.00000000099999999996 
0.00000000099999999995 0.96679103437852809133 0.03178723509395146168 0.00000000099999999995 0.00142172752752054939 0.00000000099999999995 
0.00000000099999999995 0.93585575354278860427 0.05553240665236604950 0.00000000099999999995 0.00861183680484530270 0.00000000099999999995 
0.00000000099999999995 0.96733652250976442932 0.03266139747376957392 0.00000000099999999995 0.00000207701646603117 0.00000000099999999995 
0.71551627184946142712 0.01223197650963648783 0.10952078782911274513 0.00000000099999999998 0.16273096181178925423 0.00000000099999999998 
0.69088867611686854975 0.00827347149184685070 0.12581427410949919121 0.00000000099999999998 0.17502357589088149425 0.00000000139090401857 
0.72119715236943249259 0.00918821431605257137 0.08151976698738808147 0.00000000099999999999 0.18321338406868198367 0.00488148125844501801 
0.74458154617577154699 0.01700574504162908826 0.07545379099336423090 0.00000000099999999998 0.16295891578923518694 0.00000000099999999998 
0.75214061460935377479 0.01022663562471640662 0.08163917855491824305 0.00000000099999999997 0.15599356921101159568 0.00000000099999999997 
0.96259561060815079792 0.00000000099999999993 0.02254314591082137373 0.00000000099999999993 0.01486124048102796004 0.00000000099999999993 
0.99999999383548943133 0.00000000099999999990 0.00000000099999999990 0.00000000099999999990 0.00000000216451052208 0.00000000099999999990 
0.98274474540329814776 0.00000000099999999991 0.01719031565280276438 0.00000000099999999991 0.00006493594389915589 0.00000000099999999991 
0.96836330440725237878 0.00000000099999999992 0.02244264576138383857 0.00000000099999999992 0.00919404683136390392 0.00000000099999999992 
0.96440703351127110565 0.00000000099999999990 0.03559296248872893809 0.00000000099999999990 0.00000000099999999990 0.00000000099999999990 
0.00000000099999999995 0.88239155985141770611 0.04849310719157617217 0.00000000099999999995 0.06911532995700600535 0.00000000099999999995 
0.00000000099999999996 0.92591908559920932387 0.02182783147526614134 0.00000000099999999996 0.05225307992552463004 0.00000000099999999996 
0.00000000099999999996 0.95475746658557780755 0.01534478165375953614 0.00000000099999999996 0.02989774876066279147 0.00000000099999999996 
0.00000000099999999985 0.99999999500000014141 0.00000000099999999985 0.00000000099999999985 0.00000000099999999985 0.00000000099999999985 
0.00000000099999999994 0.97544737541652859480 0.00000135857213248869 0.00000000099999999994 0.02455126301133890923 0.00000000099999999994 
0.00000000099999999999 0.71756441777320434383 0.06681475693688168627 0.00000000099999999999 0.21562081159620649640 0.00000001169370752691 
0.00000000099999999996 0.75934867434351793758 0.06158527528815514046 0.00000000099999999996 0.17906604736832695823 0.00000000099999999996 
0.00000000099999999996 0.71709348938041861388 0.05857525183956108911 0.00000000099999999996 0.22433125578002022227 0.00000000099999999996 
0.00787419226658477717 0.65480691063367923999 0.10797424451714147942 0.00000000099999999998 0.22811922904481321539 0.00122542253778128987 
0.00672583980625712785 0.67140968030455605575 0.10955925762493388953 0.00000000099999999996 0.21230522026425308058 0.00000000099999999996 
0.00723295891864780740 0.82691493693290452072 0.08660867293804729028 0.00000000099999999998 0.07924342921040047893 0.00000000099999999998 
0.00330822513199152506 0.84734931979674699143 0.06026733439642523171 0.00000000099999999996 0.08907511867483643153 0.00000000099999999996 
0.00273917330130225758 0.82435063809155262327 0.07178757274319343129 0.00000000099999999997 0.10112261386395175744 0.00000000099999999997 
0.95412651603774112363 0.00000000099999999994 0.02462113205742782682 0.00000000099999999994 0.02125234890483120032 0.00000000099999999994 
0.92213813747586814706 0.00000000099999999993 0.04828187022435950077 0.00000000099999999993 0.02957998929977242661 0.00000000099999999993 
0.96493222909164311218 0.00000000099999999993 0.00000000099999999993 0.00000000099999999993 0.03506776690835702870 0.00000000099999999993 
0.00000000099999999993 0.97023341648323113695 0.02976636190986292965 0.00000000099999999993 0.00000021860690597523 0.00000000099999999993 
0.00226798045886110293 0.93620876909026973234 0.03792605777595646488 0.00000000099999999995 0.02359719067491268182 0.00000000099999999995 
0.00029659073875377772 0.94416160842683616305 0.04053797610028982840 0.00000000099999999994 0.01500382273412028018 0.00000000099999999994 
0.00000000099999999993 0.94593064862119524694 0.05287373716755032482 0.00000000099999999993 0.00119561121125443654 0.00000000099999999993 
0.00000000099999999992 0.96985755934435113890 0.03014243665564893607 0.00000000099999999992 0.00000000099999999992 0.00000000099999999992 
0.00000000099999999989 0.95784457288085300686 0.02044866534952576378 0.00000000099999999989 0.02170675876962126563 0.00000000099999999989 
0.00000000099999999991 0.91440515969773550342 0.02956663646712750018 0.00000000099999999991 0.05602820083513698063 0.00000000099999999991 
0.00000000099999999993 0.96558570999927950673 0.03441428600072062721 0.00000000099999999993 0.00000000099999999993 0.00000000099999999993 
0.00000000099999999990 0.97081860205325243296 0.02918139394674757955 0.00000000099999999990 0.00000000099999999990 0.00000000099999999990 
0.00000000099999999993 0.94480680983419285113 0.05519318616580723424 0.00000000099999999993 0.00000000099999999993 0.00000000099999999993 
0.00000000099999999988 0.99999999500000014141 0.00000000099999999988 0.00000000099999999988 0.00000000099999999988 0.00000000099999999988 
0.00000000099999999988 0.99999999500000003039 0.00000000099999999988 0.00000000099999999988 0.00000000099999999988 0.00000000099999999988 
0.00000000099999999984 0.99999999500000003039 0.00000000099999999984 0.00000000099999999984 0.00000000099999999984 0.00000000099999999984 
0.00000000099999999992 0.99999999500000003039 0.00000000099999999992 0.00000000099999999992 0.00000000099999999992 0.00000000099999999992 
0.00000000099999999990 0.99999999500000014141 0.00000000099999999990 0.00000000099999999990 0.00000000099999999990 0.00000000099999999990 
0.99999999500000003039 0.00000000099999999990 0.00000000099999999990 0.00000000099999999990 0.00000000099999999990 0.00000000099999999990 
0.99999990492387980101 0.00000000099999999993 0.00000009107612015318 0.00000000099999999993 0.00000000099999999993 0.00000000099999999993 
0.99987461441523073358 0.00000000099999999992 0.00012520463962163955 0.00000000099999999992 0.00000017794514766838 0.00000000099999999992 
0.99999999500000014141 0.00000000099999999975 0.00000000099999999975 0.00000000099999999975 0.00000000099999999975 0.00000000099999999975 
0.99625795503790470775 0.00000000099999999994 0.00374204096209550773 0.00000000099999999994 0.00000000099999999994 0.00000000099999999994 
0.01126057509583320432 0.73857233108753139739 0.18397881398545876119 0.00000000099999999996 0.06618827783117661734 0.00000000099999999996 
0.01317640777543287699 0.76447672447749948077 0.13613465683420072905 0.00000000099999999998 0.08621220891286685006 0.00000000099999999998 
0.01028201866977886125 0.84689388971376011739 0.10859743113788718205 0.00000000099999999996 0.03422665847857379873 0.00000000099999999996 
0.01128453218593087996 0.78306342779800031106 0.14828977552586872224 0.00000000099999999998 0.05736226249020014156 0.00000000099999999998 
0.00473218177012395182 0.80125439838203893483 0.13353603462123428414 0.00000000099999999997 0.06047738322660290572 0.00000000099999999997 
0.00000000099999999994 0.78797613114558839875 0.21202386485441163111 0.00000000099999999994 0.00000000099999999994 0.00000000099999999994 
0.00000000099999999984 0.75345465701969605021 0.24654533898030403516 0.00000000099999999984 0.00000000099999999984 0.00000000099999999984 
0.00000000099999999986 0.77284688666982659377 0.22715310933017338058 0.00000000099999999986 0.00000000099999999986 0.00000000099999999986 
0.00000000099999999982 0.77968440500834690354 0.22031559099165309856 0.00000000099999999982 0.00000000099999999982 0.00000000099999999982 
0.00000000099999999985 0.77620975584958207261 0.22379024015041792950 0.00000000099999999985 0.00000000099999999985 0.00000000099999999985 
0.00000000099999999996 0.94202877678638841097 0.05797121919061150319 0.00000000099999999996 0.00000000102300002894 0.00000000099999999996 
0.00000000099999999997 0.98693874590152419479 0.01304952549921579302 0.00000000099999999997 0.00001172559926004153 0.00000000099999999997 
0.00000000099999999996 0.96580927471434008247 0.03419071148023566931 0.00000000099999999996 0.00000001080542436604 0.00000000099999999996 
0.00000000099999999993 0.99987993982107858937 0.00012005617892154447 0.00000000099999999993 0.00000000099999999993 0.00000000099999999993 
0.00000000099999999993 0.97547190410858508614 0.02452809189141483964 0.00000000099999999993 0.00000000099999999993 0.00000000099999999993 
0.99999999500000003039 0.00000000099999999932 0.00000000099999999932 0.00000000099999999932 0.00000000099999999932 0.00000000099999999932 
0.99999999500000003039 0.00000000099999999970 0.00000000099999999970 0.00000000099999999970 0.00000000099999999970 0.00000000099999999970 
0.99999999500000014141 0.00000000099999999958 0.00000000099999999958 0.00000000099999999958 0.00000000099999999958 0.00000000099999999958 
0.99999999500000014141 0.00000000099999999938 0.00000000099999999938 0.00000000099999999938 0.00000000099999999938 0.00000000099999999938 
0.99999999500000003039 0.00000000099999999955 0.00000000099999999955 0.00000000099999999955 0.00000000099999999955 0.00000000099999999955 
0.00885069950549664461 0.51335352992211491507 0.13875105057274339515 0.00000000099999999999 0.32373222361192699470 0.01531249538771808048 
0.01474620417816911548 0.51598725932631517299 0.15497598239170057299 0.00000000100000000000 0.30259808434322327253 0.01169246876059201572 
0.00754629550843261259 0.49438655307998352617 0.17060413785113187624 0.00000000307596965283 0.31890722111841834918 0.00855578936606394419 
0.01284762229700392444 0.47719311871265379654 0.16700491044309212496 0.00000000100000000000 0.33093007418819714305 0.01202427335905310694 
0.01141237986878192688 0.49143090755977930639 0.17421507063323957154 0.00000000099999999999 0.31325771731104262718 0.00968392362715656679 
0.00000000099999999993 0.87669062363446936814 0.12330937236553063396 0.00000000099999999993 0.00000000099999999993 0.00000000099999999993 
0.00000000099999999990 0.86643904899081258808 0.13356094700918749729 0.00000000099999999990 0.00000000099999999990 0.00000000099999999990 
0.00000000099999999995 0.86977652524980841875 0.13006771399991864935 0.00000000099999999995 0.00015575775027282818 0.00000000099999999995 
0.00000000099999999996 0.86368324430926424196 0.13631675169073581566 0.00000000099999999996 0.00000000099999999996 0.00000000099999999996 
0.00000000099999999995 0.87809962222023774103 0.12039946868145388892 0.00000000099999999995 0.00150090609830825627 0.00000000099999999995 
0.00000000099999999989 0.99999999500000003039 0.00000000099999999989 0.00000000099999999989 0.00000000099999999989 0.00000000099999999989 
0.00000000099999999990 0.99999999500000014141 0.00000000099999999990 0.00000000099999999990 0.00000000099999999990 0.00000000099999999990 
0.00000000099999999987 0.99999999500000014141 0.00000000099999999987 0.00000000099999999987 0.00000000099999999987 0.00000000099999999987 
0.00000000099999999986 0.99999999500000003039 0.00000000099999999986 0.00000000099999999986 0.00000000099999999986 0.00000000099999999986 
0.00000000099999999990 0.99999999500000003039 0.00000000099999999990 0.00000000099999999990 0.00000000099999999990 0.00000000099999999990 
0.00460934973028782023 0.77515521979731738522 0.09203054281445098572 0.00000000099999999996 0.12820488565794380120 0.00000000099999999996 
0.00194212026898050831 0.80518567971030552410 0.08670797727462679905 0.00000000099999999995 0.10616422074608714010 0.00000000099999999995 
0.00000026542616383223 0.79157423547427174793 0.10847406442176445174 0.00000000099999999997 0.09995143267779994789 0.00000000099999999997 
0.01062409982879786857 0.73572490661749345708 0.09602256640413031619 0.00000000099999999999 0.15762701586988792091 0.00000141027969053687 
0.00751400085569768183 0.71537861922509160539 0.12170963033756862504 0.00000000099999999998 0.15539774758164212609 0.00000000099999999998 
0.00113673577762435493 0.87595551151281836333 0.01266705430310849714 0.00000000099999999997 0.11024069640644867940 0.00000000099999999997 
0.00000000099999999997 0.87124519152174551007 0.02258913471517846536 0.00000000099999999997 0.10616567076307603656 0.00000000099999999997 
0.00000003901774823681 0.88492464653083446890 0.00876507193115128730 0.00000000099999999998 0.10631024052026594173 0.00000000099999999998 
0.00000000099999999998 0.88844334691417836680 0.01049300450036648978 0.00000000099999999998 0.10106274848191278137 0.00000089810354232284 
0.00000000099999999996 0.90893253528249917661 0.00000000099999999996 0.00000000099999999996 0.09106746071750078386 0.00000000099999999996 
0.03298585510321902503 0.00000000099999999998 0.42501967168841342515 0.00000000099999999998 0.44808947702711726668 0.09390499418125029807 
0.03776344495631295262 0.00000000099999999998 0.42247286543056272734 0.00000000099999999998 0.43718606673754895064 0.10257762087557531494 
0.03205250996308887240 0.00000017580021833540 0.43585160613800477680 0.00000000099999999998 0.43507083772377486142 0.09702486937491314190 
0.00000000099999999999 0.01748251708796779921 0.80530527313368804876 0.00000000099999999999 0.16739662452602371845 0.00981558325232044677 
0.00000002723403577225 0.01626501174482708131 0.69190590198819190704 0.00000000100000000000 0.27868227642330783977 0.01314678160963752424 
0.78780912439600037089 0.00000000099999999997 0.14007782338457500093 0.00000000099999999997 0.07211304921942476853 0.00000000099999999997 
0.73927397869061717284 0.00092713399480991404 0.14794714615940449121 0.00000000099999999996 0.11185173915516838372 0.00000000099999999996 
0.83419405375337774000 0.00000000099999999994 0.10201160471100947924 0.00000000099999999994 0.06379433853561281009 0.00000000099999999994 
0.79723337761406665170 0.00000000099999999995 0.12378506975674244406 0.00000000099999999995 0.07898154962919087807 0.00000000099999999995 
0.84091382410524606605 0.00000000099999999995 0.07157440975670531502 0.00000000099999999995 0.08751176313804866214 0.00000000099999999995 
0.72237407123158825506 0.01455618387372652547 0.11321413613682365651 0.00000000099999999998 0.14985560643551854021 0.00000000132234312082 
0.79346734303679578026 0.00000000099999999996 0.12012433910510011970 0.00000000099999999996 0.08640831485810404611 0.00000000099999999996 
0.77504980359363306874 0.00000000099999999997 0.11591090221930458459 0.00000000099999999997 0.10903929118706245927 0.00000000099999999997 
0.82783223445492815085 0.00000000099999999997 0.06900714669546556546 0.00000000099999999997 0.10316061584960632691 0.00000000099999999997 
0.86442406574721697421 0.00000000099999999995 0.07680255413833199374 0.00000000099999999995 0.05877337711445104057 0.00000000099999999995 
0.80956862044032529280 0.00000000099999999997 0.09024656673794960449 0.00000000099999999997 0.10018480982172506266 0.00000000099999999997 
0.77683537614728359610 0.00000000099999999998 0.11179908809429872640 0.00000000099999999998 0.11136551956521956175 0.00000001419319803981 
0.71831122417958326309 0.00000000099999999992 0.12482377278972871248 0.00000000099999999992 0.15686500003068812314 0.00000000099999999992 
0.74084017700094384473 0.00000000099999999995 0.18792375432853666850 0.00000000099999999995 0.07123606567051961325 0.00000000099999999995 
0.77942197178169847493 0.00671642111857634859 0.10023932284715181273 0.00000000099999999997 0.11362228225257345327 0.00000000099999999997 
0.70571989444379645828 0.00000000099999999991 0.12920966568142311370 0.00000000099999999991 0.16507043687478042959 0.00000000099999999991 
0.80655460029209902206 0.00000000099999999996 0.11234368131126303003 0.00000000099999999996 0.08110171539663783846 0.00000000099999999996 
0.79381039160123989529 0.00000000099999999997 0.11084277671784922847 0.00000000099999999997 0.09534682868091094721 0.00000000099999999997 
0.73107766058651091345 0.00000000099999999995 0.10641647925975172839 0.00000000099999999995 0.16250585715373719320 0.00000000099999999995 
0.91328756034870406388 0.00000000099999999996 0.00404591674758606867 0.00000000099999999996 0.08266651990370982306 0.00000000099999999996 
0.94592686141952198042 0.00000000099999999994 0.00000000099999999994 0.00000000099999999994 0.05407313458047818822 0.00000000099999999994 
0.00000000099999999996 0.92494397032308872664 0.05353402752789116620 0.00000000099999999996 0.02152199914902019548 0.00000000099999999996 
0.00000000099999999994 0.85024028525103589882 0.06966959342254334941 0.00000000099999999994 0.08009011832642079498 0.00000000099999999994 
0.00000000099999999995 0.88416521418293281265 0.06339487484084870006 0.00000000099999999995 0.05243990797621851663 0.00000000099999999995 
0.00000000099999999996 0.93915212964282890340 0.05704126320716097764 0.00000000099999999996 0.00380660415001010406 0.00000000099999999996 
0.00000000099999999996 0.92432846874339003040 0.06098539360559428191 0.00000000099999999996 0.01468613465101573957 0.00000000099999999996 
0.99999999500000014141 0.00000000099999999952 0.00000000099999999952 0.00000000099999999952 0.00000000099999999952 0.00000000099999999952 
0.99999999500000003039 0.00000000099999999947 0.00000000099999999947 0.00000000099999999947 0.00000000099999999947 0.00000000099999999947 
0.00270863718165754042 0.71966199872048464137 0.09673960760256410107 0.00000000099999999994 0.18088975449529368089 0.00000000099999999994 
0.01321786348095174701 0.72854204632996977242 0.15341187104713235878 0.00000000099999999997 0.10482821643705288184 0.00000000170489329137 
0.00017191342594905954 0.62306613543265254584 0.12838491333974327846 0.00000000099999999993 0.24837703580165509942 0.00000000099999999993 
0.00861698995419360632 0.75536735387765685523 0.14699554715063847810 0.00000000099999999996 0.08902010701751103539 0.00000000099999999996 
0.00604581864047615616 0.81698156467761173793 0.11604756637914649675 0.00000000099999999996 0.06092504830276555122 0.00000000099999999996 
0.04254862088693395911 0.00002531153361388076 0.45561528190070738065 0.00000000099999999999 0.50177585153345438673 0.00003493314529037884 
0.05358934600954819161 0.02998743952090586126 0.44734052910105903678 0.00000000099999999997 0.46908251601682349197 0.00000016835166338685 
0.04220917821161008360 0.01327080353663318696 0.46080369040707919170 0.00000000099999999998 0.48353422425952258257 0.00018210258515501769 
0.03531922300720263808 0.00040445727449496186 0.44894418526546725490 0.00000000099999999996 0.51533213245283504556 0.00000000099999999996 
0.04064337087624959877 0.00018104781687950020 0.44132471318046634368 0.00000000099999999998 0.51784756385736829820 0.00000330326903614574 
0.00000000099999999991 0.99999917470312893464 0.00000082129687108661 0.00000000099999999991 0.00000000099999999991 0.00000000099999999991 
0.00000000099999999981 0.99999999500000003039 0.00000000099999999981 0.00000000099999999981 0.00000000099999999981 0.00000000099999999981 
0.00000000099999999986 0.99999999500000003039 0.00000000099999999986 0.00000000099999999986 0.00000000099999999986 0.00000000099999999986 
0.00000000099999999989 0.99981307930726526223 0.00018691669273489158 0.00000000099999999989 0.00000000099999999989 0.00000000099999999989 
0.00000000099999999993 0.99517779926017391201 0.00482219673982606928 0.00000000099999999993 0.00000000099999999993 0.00000000099999999993 
0.00000000099999999998 0.52859357049982902410 0.37223078030058570631 0.00000000099999999998 0.09592847903977325119 0.00324716815981221331 
0.00213473427130594006 0.56453707618288295755 0.31874017869794446511 0.00000000099999999998 0.10921666058958079404 0.00537134925828584506 
0.00000000099999999998 0.50839551328788057383 0.32965674893929097777 0.00000000099999999998 0.15741259993048312138 0.00453513584234538879 
0.00000000099999999999 0.47719363432582256879 0.36916726364380064718 0.00000000099999999999 0.14914045067617429097 0.00449864935420260341 
0.00000000099999999997 0.28858245585689801249 0.66014341132618614694 0.00000000099999999997 0.05127412981691582133 0.00000000099999999997 
0.84041348751846778331 0.00000000099999999997 0.07153023265204969117 0.00000000099999999997 0.08805627682948255486 0.00000000099999999997 
0.82681491389927985747 0.00000000099999999997 0.09683745764248379018 0.00000000099999999997 0.07634762545823628455 0.00000000099999999997 
0.77065667488600120283 0.00000000110267586005 0.11259153438894431432 0.00000000099999999997 0.11675178762237869989 0.00000000099999999997 
0.80970540888829933834 0.00095816524779646377 0.09191859336167643169 0.00000000099999999997 0.09741783050222788121 0.00000000099999999997 
0.78335386501106873958 0.00000000099999999996 0.10700444645821086120 0.00000000099999999996 0.10964168553072028978 0.00000000099999999996 
0.80820515448252416846 0.00000000099999999998 0.10081770157010337685 0.00000000099999999998 0.09097714094737245627 0.00000000099999999998 
0.00000000099999999973 0.99999999500000003039 0.00000000099999999973 0.00000000099999999973 0.00000000099999999973 0.00000000099999999973 
0.00000000099999999975 0.99999999500000003039 0.00000000099999999975 0.00000000099999999975 0.00000000099999999975 0.00000000099999999975 
0.00000000099999999979 0.99999999500000003039 0.00000000099999999979 0.00000000099999999979 0.00000000099999999979 0.00000000099999999979 
0.00000000099999999971 0.99999999500000014141 0.00000000099999999971 0.00000000099999999971 0.00000000099999999971 0.00000000099999999971 
0.00000000099999999972 0.99999999500000003039 0.00000000099999999972 0.00000000099999999972 0.00000000099999999972 0.00000000099999999972 
0.99999999500000014141 0.00000000099999999933 0.00000000099999999933 0.00000000099999999933 0.00000000099999999933 0.00000000099999999933 
0.99999999500000003039 0.00000000099999999924 0.00000000099999999924 0.00000000099999999924 0.00000000099999999924 0.00000000099999999924 
0.99999999500000014141 0.00000000099999999947 0.00000000099999999947 0.00000000099999999947 0.00000000099999999947 0.00000000099999999947 
0.99999999500000003039 0.00000000099999999928 0.00000000099999999928 0.00000000099999999928 0.00000000099999999928 0.00000000099999999928 
0.99999999500000003039 0.00000000099999999923 0.00000000099999999923 0.00000000099999999923 0.00000000099999999923 0.00000000099999999923 
0.00000000099999999991 0.79113443266689975619 0.01943061957492506209 0.00000000099999999991 0.18943494475817526657 0.00000000099999999991 
0.00000000099999999991 0.74390060910963262675 0.06153496119191589203 0.00000000099999999991 0.19456442669845153137 0.00000000099999999991 
0.00000000099999999992 0.76362898857992000945 0.04821526585481392818 0.00000000099999999992 0.18815574256526598762 0.00000000099999999992 
0.00000000099999999995 0.80549307715655427131 0.09249877286548166544 0.00000000099999999995 0.10200814697796399544 0.00000000099999999995 
0.00000000099999999990 0.76147361565412496898 0.05982794567358536847 0.00000000099999999990 0.17869843567228965719 0.00000000099999999990 
0.99999999500000014141 0.00000000099999999924 0.00000000099999999924 0.00000000099999999924 0.00000000099999999924 0.00000000099999999924 
0.99999999500000003039 0.00000000099999999915 0.00000000099999999915 0.00000000099999999915 0.00000000099999999915 0.00000000099999999915 
0.99999999500000003039 0.00000000099999999925 0.00000000099999999925 0.00000000099999999925 0.00000000099999999925 0.00000000099999999925 
0.99999999500000014141 0.00000000099999999919 0.00000000099999999919 0.00000000099999999919 0.00000000099999999919 0.00000000099999999919 
0.99999999500000003039 0.00000000099999999924 0.00000000099999999924 0.00000000099999999924 0.00000000099999999924 0.00000000099999999924 
0.69370395951479002505 0.00000000099999999996 0.19665705093555049809 0.00000000099999999996 0.10963898654965963109 0.00000000099999999996 
0.67121924712427283310 0.00000000099999999996 0.21141247585190625635 0.00000000099999999996 0.11736827402382099539 0.00000000099999999996 
0.67108631476042002184 0.00000000099999999993 0.22177466421174657496 0.00000000099999999993 0.10713901802783334927 0.00000000099999999993 
0.62163158179750011012 0.00000000099999999988 0.19299608141324289812 0.00000000099999999988 0.18537233378925707661 0.00000000099999999988 
0.69689806093044448509 0.00000000099999999991 0.23523504366757300166 0.00000000099999999991 0.06786689240198244544 0.00000000099999999991 
0.00000000099999999994 0.81560073538830568651 0.09892576395579896764 0.00000000099999999994 0.08547349765589543069 0.00000000099999999994 
0.00671935167735696146 0.79039402181369022848 0.09442640524948130165 0.00000000099999999997 0.10846021925947148257 0.00000000099999999997 
0.00000000099999999993 0.74383953814823111639 0.09311090594171965440 0.00000000099999999993 0.16304955291004916140 0.00000000099999999993 
0.00000000099999999995 0.74015587464640186788 0.07331406604377913028 0.00000000099999999995 0.18653005630981905894 0.00000000099999999995 
0.90539703340378008267 0.00000000099999999992 0.09460296259622003046 0.00000000099999999992 0.00000000099999999992 0.00000000099999999992 
0.84295548097881356497 0.00000000099999999991 0.15701290721134653072 0.00000000099999999991 0.00003160880983997726 0.00000000099999999991 
0.88016429174752108811 0.00000000099999999988 0.11983570425247903890 0.00000000099999999988 0.00000000099999999988 0.00000000099999999988 
0.95251875537350139123 0.00000000099999999985 0.04748124062649867333 0.00000000099999999985 0.00000000099999999985 0.00000000099999999985 
0.92870727880184156255 0.00000000099999999986 0.07129271719815860608 0.00000000099999999986 0.00000000099999999986 0.00000000099999999986 
0.00793106985883925558 0.76895569668247998329 0.05278197268703675726 0.00000000099999999998 0.17033125877164401185 0.00000000099999999998 
0.00574293665588489384 0.83136592997371916436 0.04315968432295869822 0.00000000099999999998 0.11973144615238785760 0.00000000189504939494 
0.00204617849346194931 0.77616466801350281202 0.05622761590859087777 0.00000000099999999999 0.16556102375955525363 0.00000051282488913715 
0.00005983985378530997 0.84311686290184095771 0.01097908529918529934 0.00000000099999999998 0.14584420994518831893 0.00000000099999999998 
0.00000000099999999996 0.89214810566777424938 0.00000000099999999996 0.00000000099999999996 0.10785189033222571109 0.00000000099999999996 
0.02092667034913580845 0.48902127708963621933 0.44016304711782816561 0.00000000099999999994 0.04988900344339978338 0.00000000099999999994 
0.01877285472808143743 0.46038495874824897358 0.47546782125088565829 0.00000000099999999992 0.04537436327278390052 0.00000000099999999992 
0.01079906566838179094 0.49810135457319887342 0.43780125620011539622 0.00000000099999999994 0.05329832155830391272 0.00000000099999999994 
0.01614869272165169248 0.50885703505836388238 0.43641960214732300471 0.00000000099999999993 0.03857466807266147352 0.00000000099999999993 
0.00857694190333706599 0.74486698164490805496 0.19057253775662499895 0.00000000099999999998 0.05598353669512995401 0.00000000099999999998 
0.00000000102508084336 0.89982248141473941683 0.01396846931857614015 0.00000000099999999996 0.08620904624160377616 0.00000000099999999996 
0.00000000099999999996 0.86217142013898351305 0.05483660441195749302 0.00000000099999999996 0.08299197244905892612 0.00000000099999999996 
0.00000132109862369523 0.89680849455498223843 0.01402401941297177872 0.00000000099999999997 0.08916616293342212451 0.00000000099999999997 
0.00000000970242442213 0.83245813625010400827 0.05467823602754846163 0.00000000099999999996 0.11286361601992321579 0.00000000099999999996 
0.00000000099999999997 0.88348771669277492702 0.03032980403746197984 0.00000000099999999997 0.08618247626976312248 0.00000000099999999997 
0.02282063869941869383 0.02039880944826890155 0.32365394596028329577 0.00000000099999999998 0.62341745555084782104 0.00970914934118118252 
0.01898760383654287190 0.01689635891250729216 0.38852792146443854149 0.00000000099999999999 0.55795383042073021240 0.01763428436578093686 
