0.01624267485093687513 0.97667881318904192778 0.00707851196002122485 
0.00000000099999999998 0.99999880456707557208 0.00000119443292451116 
0.01608084087489954073 0.97166272475606285663 0.01225643436903757835 
0.01441911355659324448 0.98557894286987357546 0.00000194357353326621 
0.00000000099999999978 0.99999999799999994554 0.00000000099999999978 
0.00000000099999999978 0.99999999799999994554 0.00000000099999999978 
0.00000000099999999977 0.99999999799999994554 0.00000000099999999977 
0.00000000099999999979 0.99999999799999994554 0.00000000099999999979 
0.00000000099999999979 0.99999999800000005656 0.00000000099999999979 
0.00000000099999999978 0.99999999799999994554 0.00000000099999999978 
0.00000000099999999985 0.99999999799999994554 0.00000000099999999985 
0.00000000099999999987 0.99999999799999994554 0.00000000099999999987 
0.00000000099999999986 0.99999999799999994554 0.00000000099999999986 
0.00000000099999999986 0.99999999800000005656 0.00000000099999999986 
0.00000000099999999976 0.99999999800000005656 0.00000000099999999976 
0.00000000099999999975 0.99999999800000005656 0.00000000099999999975 
0.00000000099999999983 0.99999999800000005656 0.00000000099999999983 
0.00000000099999999990 0.99999999800000005656 0.00000000099999999990 
0.00000000099999999987 0.99999999800000005656 0.00000000099999999987 
0.00000000099999999986 0.99999999800000005656 0.00000000099999999986 
0.00000000099999999977 0.99999999800000005656 0.00000000099999999977 
0.00000000099999999977 0.99999999800000005656 0.00000000099999999977 
0.47618072479418332987 0.36011493151622231412 0.16370434368959416171 
0.46821415890503453872 0.37678069742728603764 0.15500514366767939589 
0.42496807252765733676 0.41340513018135860435 0.16162679729098411441 
0.48750332786946048991 0.33775809932854788942 0.17473857280199170394 
0.44414575000493022872 0.38483374430392214283 0.17102050569114746192 
0.48461617642184762200 0.35754102634072099098 0.15784279723743138701 
0.47972659290611402438 0.38331061378174424714 0.13696279331214172847 
0.49784921805506571202 0.36452060224012583500 0.13763017970480845298 
0.48035667566155226815 0.35488871286997208943 0.16475461146847572569 
0.48664340602260303115 0.36371738128139441404 0.14963921269600261033 
0.45163897128533025960 0.38484159086819630380 0.16351943784647338109 
0.44030519449701321921 0.39323765611752170557 0.16645714938546501971 
0.42639575181372224577 0.40961295268462843966 0.16399129550164948110 
0.44335532047015652202 0.38152348401888291907 0.17512119551096066994 
0.44186854386941548656 0.39193691770173927358 0.16619453842884515660 
0.44463844262484292225 0.38412483620474291435 0.17123672117041424667 
0.44284144502876132687 0.39248524581314542248 0.16467330915809325065 
0.74040176625191322923 0.17449623216845550067 0.08510200157963127010 
0.72860406579632985835 0.19439710533962625827 0.07699882886404385562 
0.73291984401736376409 0.18334597890789508523 0.08373417707474115068 
0.72104565213027482784 0.19267957423625201030 0.08627477363347307859 
0.72039512083663370667 0.19778997417748472865 0.08181490498588152305 
0.00000000099999999999 0.99884149321860193904 0.00115850578139799947 
0.00000000099999999998 0.99999999799999994554 0.00000000099999999998 
0.00000000099999999995 0.99999999799999994554 0.00000000099999999995 
0.00000000099999999998 0.99999972493018818298 0.00000027406981187802 
0.00000000099999999999 0.99345380709780706230 0.00654619190219297899 
0.00000000099999999999 0.99999958808700362134 0.00000041091299640751 
0.00000000099999999999 0.99157985890688693509 0.00842014009311296829 
0.00000000099999999998 0.99988110790188400312 0.00011889109811609016 
0.00000000099999999997 0.99999999799999994554 0.00000000099999999997 
0.00000000099999999992 0.99999999799999994554 0.00000000099999999992 
0.00000000099999999993 0.99999999799999994554 0.00000000099999999993 
0.00000000099999999998 0.98901452579228599227 0.01098547320771411408 
0.00000000099999999989 0.99999999799999994554 0.00000000099999999989 
0.00000000099999999991 0.99999999800000005656 0.00000000099999999991 
0.00000000099999999988 0.99999999800000005656 0.00000000099999999988 
0.00000000099999999988 0.99999999799999994554 0.00000000099999999988 
0.00000000099999999991 0.99999999799999994554 0.00000000099999999991 
0.00000000099999999991 0.99999999800000005656 0.00000000099999999991 
0.00000000099999999991 0.99999999800000005656 0.00000000099999999991 
0.05460585910065126475 0.91223878376166001036 0.03315535713768877346 
0.06227542440371794386 0.89464760050809577496 0.04307697508818627424 
0.00000000099999999990 0.99999999800000005656 0.00000000099999999990 
0.00000000099999999991 0.99999999800000005656 0.00000000099999999991 
0.00000000099999999999 0.99999999506548709061 0.00000000393451295614 
0.00000000099999999987 0.99999999800000005656 0.00000000099999999987 
0.00000000099999999988 0.99999999800000005656 0.00000000099999999988 
0.00000000099999999997 0.99999999799999994554 0.00000000099999999997 
0.47607141452411000371 0.37032001978434708755 0.15360856569154296425 
0.47915566181138502522 0.37303974706865078437 0.14780459111996416266 
0.49053745894603500988 0.36553995257596411106 0.14392258847800096233 
0.47901690653778100648 0.36293680331935984640 0.15804629014285925814 
0.48526548554069093289 0.37010321309842442172 0.14463130136088461763 
0.35720891624865624969 0.48235888301505469578 0.16043220073628897127 
0.36030305366196069272 0.46395706693990790281 0.17573987939813148773 
0.36354281126265819424 0.46061747254757612335 0.17583971618976565465 
0.32474361889479280707 0.50509971485272053826 0.17015666625248662691 
0.36321865372421963114 0.46224362881021957561 0.17453771746556070998 
0.99999999800000005656 0.00000000099999999997 0.00000000099999999997 
0.99999991057756709711 0.00000000099999999999 0.00000008842243292623 
0.99999999800000005656 0.00000000099999999994 0.00000000099999999994 
0.99999999799999994554 0.00000000099999999996 0.00000000099999999996 
0.99999999799999994554 0.00000000099999999996 0.00000000099999999996 
0.12578616579865747882 0.07771222911671579747 0.79650160508462675146 
0.12917003439801189035 0.09225319280633637042 0.77857677279565173922 
0.11076327240924438433 0.07984685767062905948 0.80938986992012662558 
0.11556659435095485711 0.05962488291649317707 0.82480852273255200746 
0.10845034513909018736 0.05939926607444203505 0.83215038878646774290 
0.00000000099999999998 0.00000000099999999998 0.99999999799999994554 
0.00000000099999999990 0.00000000099999999990 0.99999999799999994554 
0.00000000099999999992 0.00000000099999999992 0.99999999799999994554 
0.00000000099999999995 0.00000000099999999995 0.99999999800000005656 
0.00000000099999999994 0.00000000099999999994 0.99999999800000005656 
0.99880050089912342237 0.00000000099999999999 0.00119949810087670913 
0.99999999800000005656 0.00000000099999999998 0.00000000099999999998 
0.99999999799999994554 0.00000000099999999996 0.00000000099999999996 
0.99999999799999994554 0.00000000099999999990 0.00000000099999999990 
0.99999999800000005656 0.00000000099999999993 0.00000000099999999993 
0.89660914026997151627 0.08644339413214893741 0.01694746559787954285 
0.93138522150891889240 0.05383602042329872078 0.01477875806778238682 
0.90980704424169844824 0.06766209110212333122 0.02253086465617816503 
0.85537097705855447138 0.09889343334620029347 0.04573558959524522821 
0.87563140075538592466 0.08601423184675188738 0.03835436739786216714 
0.97105971109001687491 0.00989743740149901831 0.01904285150848408076 
0.98523881856539163859 0.00000889629372469549 0.01475228514088375298 
0.97919368827075192740 0.00587005251864696886 0.01493625921060112542 
0.00000000473014634183 0.00000000099999999999 0.99999999426985375361 
0.02449310851929833652 0.00418336235353594221 0.97132352912716579674 
0.00000000099999999996 0.00000000099999999996 0.99999999799999994554 
0.99999999799999994554 0.00000000099999999994 0.00000000099999999994 
0.99999964996648615934 0.00000000099999999997 0.00000034903351382421 
0.99999999800000005656 0.00000000099999999996 0.00000000099999999996 
0.99999999800000005656 0.00000000099999999994 0.00000000099999999994 
0.99999999799999994554 0.00000000099999999993 0.00000000099999999993 
0.99999999799999994554 0.00000000099999999992 0.00000000099999999992 
0.99999999799999994554 0.00000000099999999996 0.00000000099999999996 
0.99999999799999994554 0.00000000099999999993 0.00000000099999999993 
0.99999999800000005656 0.00000000099999999992 0.00000000099999999992 
0.99999999800000005656 0.00000000099999999995 0.00000000099999999995 
0.99999999800000005656 0.00000000099999999991 0.00000000099999999991 
0.99999999799999994554 0.00000000099999999993 0.00000000099999999993 
0.99999999799999994554 0.00000000099999999989 0.00000000099999999989 
0.99999999800000005656 0.00000000099999999993 0.00000000099999999993 
0.99999999800000005656 0.00000000099999999993 0.00000000099999999993 
0.00000000099999999990 0.00000000099999999990 0.99999999800000005656 
0.00000000099999999994 0.00000000099999999994 0.99999999800000005656 
0.00000000099999999990 0.00000000099999999990 0.99999999799999994554 
0.00000000099999999987 0.00000000099999999987 0.99999999799999994554 
0.00000000099999999995 0.00000000099999999995 0.99999999800000005656 
0.93633172508011630608 0.02686836374398525462 0.03679991117589844624 
0.93778668304680801171 0.02905514886212429496 0.03315816809106768986 
0.97945455570996331485 0.00000041728287983309 0.02054502700715677213 
0.95095195172906499259 0.02088877988225601445 0.02815926838867897908 
0.97080772060539033408 0.01050198091575594260 0.01869029847885364179 
0.99969348318980377766 0.00000000099999999999 0.00030651581019620487 
0.99901956341696240838 0.00000000099999999998 0.00098043558303768713 
0.99999762820905047089 0.00000000099999999998 0.00000237079094939899 
0.99999999800000005656 0.00000000099999999997 0.00000000099999999997 
0.99999283677779271517 0.00000000099999999997 0.00000716222220739834 
0.99999999799999994554 0.00000000099999999996 0.00000000099999999996 
0.99999999799999994554 0.00000000099999999997 0.00000000099999999997 
0.99999999800000005656 0.00000000099999999996 0.00000000099999999996 
0.99999999800000005656 0.00000000099999999992 0.00000000099999999992 
0.99999999800000005656 0.00000000099999999994 0.00000000099999999994 
0.00000000099999999971 0.00000000099999999971 0.99999999799999994554 
0.00000000099999999987 0.00000000099999999987 0.99999999800000005656 
0.00000000099999999982 0.00000000099999999982 0.99999999799999994554 
0.00000000099999999973 0.00000000099999999973 0.99999999800000005656 
0.00000000099999999981 0.00000000099999999981 0.99999999799999994554 
0.75753003212744129957 0.17191448218948471305 0.07055548568307389024 
0.76027712690762327963 0.15972423316583958530 0.07999863992653702405 
0.75043503798105015701 0.17472173711638774862 0.07484322490256216376 
0.73471544511349662354 0.18428692454810408075 0.08099763033839926796 
0.75778979601119156317 0.16346543630260429447 0.07874476768620408684 
0.99999999800000005656 0.00000000099999999998 0.00000000099999999998 
0.99999999800000005656 0.00000000099999999997 0.00000000099999999997 
0.99999998092125930160 0.00000000099999999999 0.00000001807874071616 
0.99999999799999994554 0.00000000099999999999 0.00000000099999999999 
0.99999928757514400246 0.00000000099999999999 0.00000071142485611063 
0.99999999799999994554 0.00000000099999999992 0.00000000099999999992 
0.99999999799999994554 0.00000000099999999991 0.00000000099999999991 
0.99999999800000005656 0.00000000099999999991 0.00000000099999999991 
0.99999999799999994554 0.00000000099999999991 0.00000000099999999991 
0.99999999799999994554 0.00000000099999999993 0.00000000099999999993 
0.94370185642516357660 0.03221577328877374413 0.02408237028606266192 
0.96187000617936546654 0.01980232820592034079 0.01832766561471421696 
0.95695150976476361926 0.02497112605065900798 0.01807736418457740746 
0.92070817846759378522 0.04790831729249502013 0.03138350423991120158 
0.91757471834084225470 0.04965901953730025853 0.03276626212185752840 
0.98105117715728562544 0.00677693954175083609 0.01217188330096348817 
0.98241341096078382833 0.01229839996183578789 0.00528818907738036990 
0.98441294688963376647 0.00805527150528514459 0.00753178160508110976 
0.98687341356254054681 0.00728023931378033069 0.00584634712367920143 
0.99825409674724507880 0.00000000099999999999 0.00174590225275503882 
0.34359129638742708091 0.48180402951162321079 0.17460467410094976382 
0.33761383836216496412 0.48531004994228238436 0.17707611169555270703 
0.34440332153472447141 0.48384986736316049072 0.17174681110211509338 
0.54850148569877121840 0.32754016004705838183 0.12395835425417035813 
0.49543835682736492299 0.37669132920502895745 0.12787031396760606405 
0.07856596468432840152 0.05966858286593883925 0.86176545244973279392 
0.11789729334455624488 0.06562648872895458785 0.81647621792648916728 
0.04728650022129890496 0.04795342747307369813 0.90476007230562738304 
0.07052243120098447560 0.05665634049255170029 0.87282122830646391431 
0.05803630946851801031 0.03705958741361296827 0.90490410311786906306 
0.12110196239523522699 0.07752566403021403374 0.80137237357455082254 
0.08227488572474705997 0.05218550897977125569 0.86553960529548168434 
0.08567557073175245674 0.06128737138444381727 0.85303705788380368435 
0.05785754843418375315 0.04639311247833242252 0.89574933908748377576 
0.04044313414250196720 0.03149706912795301877 0.92805979672954508342 
0.06813787381549744893 0.05434386642070920814 0.87751825976379338456 
0.08141962119904330719 0.06769045436832579754 0.85088992443263089527 
0.07068300253911824482 0.12960987856461456125 0.79970711889626711066 
0.10402209299444066526 0.07396550307322341533 0.82201240393233598880 
0.09451402940497423411 0.05562353082230489520 0.84986243977272080130 
0.07957706936439704060 0.12785133811582341523 0.79257159251977959968 
0.06797099939881900976 0.05165352380897637180 0.88037547679220462538 
0.06747163492347132974 0.06133376654723594196 0.87119459852929270749 
0.06465308588834715875 0.11450398809289052959 0.82084292601876229778 
0.03278395127031396433 0.00743660234572721731 0.95977944638395884525 
0.01277482036641748413 0.00000000099999999999 0.98722517863358250079 
0.99999999800000005656 0.00000000099999999997 0.00000000099999999997 
0.96986370698804336143 0.03004608282959824600 0.00009021018235847872 
0.99674901366311030593 0.00325083727274074656 0.00000014906414891793 
0.99999999799999994554 0.00000000099999999996 0.00000000099999999996 
0.99999999799999994554 0.00000000099999999997 0.00000000099999999997 
0.00000000099999999977 0.00000000099999999977 0.99999999799999994554 
0.00000000099999999975 0.00000000099999999975 0.99999999799999994554 
0.90740906948369748353 0.07120467743759953394 0.02138625307870310396 
0.92368577417727248946 0.03804321894149504529 0.03827100688123254851 
0.84534998665452543154 0.12731665425681415460 0.02733335908866043468 
0.94160244137308390933 0.02821247626988884760 0.03018508235702724654 
0.96698852701843296398 0.01481244383847204332 0.01819902914309497188 
0.38752282342251531677 0.41111300020522190124 0.20136417637226275423 
0.42077082001297505531 0.37347492726862030477 0.20575425271840461217 
0.41353656469501859361 0.38839182363262358955 0.19807161167235787236 
0.40720666237994551651 0.39339767565724759191 0.19939566196280689159 
0.40698717543029311328 0.39126799067918688335 0.20174483389051997562 
0.99999999799999994554 0.00000000099999999992 0.00000000099999999992 
0.99999999799999994554 0.00000000099999999987 0.00000000099999999987 
0.99999999800000005656 0.00000000099999999992 0.00000000099999999992 
0.99999999800000005656 0.00000000099999999991 0.00000000099999999991 
0.99999999799999994554 0.00000000099999999993 0.00000000099999999993 
0.82401932505013408825 0.13281314925294115947 0.04316752569692473840 
0.83269526674185079251 0.11797019609303910359 0.04933453716511002757 
0.80025854142522534485 0.15095954791597024358 0.04878191065880436300 
0.77654169207493584093 0.16459286177308288246 0.05886544615198119335 
0.68703875659610602611 0.22120389796101824764 0.09175734544287572625 
0.05371870166651823708 0.04062106224184934555 0.90566023609163237573 
0.06283864045881282223 0.04047005247973011616 0.89669130706145705467 
0.09370825646304178913 0.05731465198309135950 0.84897709155386680280 
0.07396697545684823016 0.04667987797405846045 0.87935314656909324693 
0.08523815995910632992 0.05578648302989643037 0.85897535701099725358 
0.07130487988522662968 0.05402373870190263494 0.87467138141287070763 
0.99999999799999994554 0.00000000099999999985 0.00000000099999999985 
0.99999999800000005656 0.00000000099999999985 0.00000000099999999985 
0.99999999800000005656 0.00000000099999999988 0.00000000099999999988 
0.99999999799999994554 0.00000000099999999985 0.00000000099999999985 
0.99999999800000005656 0.00000000099999999985 0.00000000099999999985 
0.00000000099999999972 0.00000000099999999972 0.99999999800000005656 
0.00000000099999999968 0.00000000099999999968 0.99999999800000005656 
0.00000000099999999978 0.00000000099999999978 0.99999999799999994554 
0.00000000099999999970 0.00000000099999999970 0.99999999799999994554 
0.00000000099999999968 0.00000000099999999968 0.99999999800000005656 
0.94019865311382366801 0.05980134588617631863 0.00000000099999999999 
0.92057965293061261303 0.07888043958648258136 0.00053990748290480691 
0.93935744538298981965 0.05786341569150312697 0.00277913892550712060 
0.97401262495399543173 0.01305376299006691040 0.01293361205593776889 
0.93968941159178409617 0.05591654226881641321 0.00439404613939959037 
0.00000000099999999968 0.00000000099999999968 0.99999999799999994554 
0.00000000099999999965 0.00000000099999999965 0.99999999800000005656 
0.00000000099999999968 0.00000000099999999968 0.99999999799999994554 
0.00000000099999999966 0.00000000099999999966 0.99999999800000005656 
0.00000000099999999968 0.00000000099999999968 0.99999999800000005656 
0.13382178547473311259 0.07900367871433905398 0.78717453581092788895 
0.14591734394566791000 0.08728210702742579541 0.76680054902690630847 
0.14884698398656923124 0.08822555328083214743 0.76292746273259859358 
0.12523260469110655824 0.15184000615706272352 0.72292738915183074599 
0.13775212176910078821 0.07587809890772898025 0.78636977932317020379 
0.97598056388688292362 0.00852334201849945516 0.01549609409461760387 
0.95291980021766287123 0.02122353833805006723 0.02585666144428700949 
0.92609899689790775579 0.05434496692310625959 0.01955603617898600544 
0.93032548048447205602 0.05587655806460301716 0.01379796145092485743 
0.03591389774542631808 0.00009854842064536684 0.96398755383392831231 
0.06761996366248740342 0.01956723775669871532 0.91281279858081387779 
0.05263986553011346797 0.00896889618852086262 0.93839123828136561389 
0.00000000099999999996 0.00000000099999999996 0.99999999799999994554 
0.02268775216582565729 0.00000000099999999999 0.97731224683417428079 
0.93471585635121190450 0.03364645648390628130 0.03163768716488184196 
0.96499128268635669947 0.01515821994509790500 0.01985049736854536256 
0.94593992512385638438 0.03004426147388584642 0.02401581340225784206 
0.97362821991048553727 0.01250278053300886774 0.01386899955650565223 
0.99600810877536105625 0.00000051616278556356 0.00399137506185346866 
0.83734819991770925718 0.06970666250182190604 0.09294513758046882290 
0.82375912110830729063 0.07618591676461741735 0.10005496212707526427 
0.85129097433094258474 0.06517551563298761008 0.08353351003606979130 
0.85014694697402082291 0.06834098859013358618 0.08151206443584550765 
0.94303346202930271591 0.02752433378913249351 0.02944220418156473507 
0.99586903161900375281 0.00000000099999999999 0.00413096738099631017 
0.99079499023106165634 0.00000183153663941072 0.00920317823229883751 
0.99483962849842855203 0.00000000099999999999 0.00516037050157150141 
0.97845378097833934916 0.00718936097331178327 0.01435685804834893088 
0.99287394004165885342 0.00001299351898028978 0.00711306643936089351 
0.36048848376134384752 0.48637494311182688511 0.15313657312682932288 
0.37137648827957048248 0.47502289836730782202 0.15360061335312177877 
0.40663558810371247532 0.43203779062020941648 0.16132662127607808045 
0.19702940010273051197 0.65948278335808596662 0.14348781653918349366 
0.18970116797821984234 0.66858644238021436301 0.14171238964156571138 
0.19740327645044636329 0.66169902132080715695 0.14089770222874650751 
0.23835492409965802763 0.60553268820011396656 0.15611238770022800582 
0.19892844437703272042 0.65678776927380200235 0.14428378634916538825 
0.19687389269120564306 0.66525345249537437553 0.13787265481342006468 
0.21065603503307120392 0.63315327604121263150 0.15619068892571608131 
0.23662897721198927758 0.61424565584433810095 0.14912536694367264922 
0.21558602266584941942 0.62583064439894042774 0.15858333293521020835 
0.22399844589555203966 0.63525094720951158500 0.14075060689493643085 
0.49251945225427384845 0.38263219912700069392 0.12484834861872555478 
0.49497014305776831922 0.38661658708515328486 0.11841326985707836816 
0.49552234689856200500 0.38807581294127335703 0.11640184016016467961 
0.50387245892901433297 0.37752964345845529959 0.11859789761253025642 
0.51970771703372475869 0.35219148489859747331 0.12810079806767787902 
0.22658587359989940113 0.60580727525200894767 0.16760685114809159568 
0.21320765138116945514 0.63323008142457226644 0.15356226719425813965 
0.22153604468437065877 0.61463043412662465848 0.16383352118900468275 
0.22162537995209855013 0.62275877788872002760 0.15561584215918142227 
0.22304655160022840432 0.62104134073713335162 0.15591210766263824405 
0.27748568361378556091 0.55697026916293113086 0.16554404722328328048 
0.22848817375066515778 0.61959690363291985982 0.15191492261641495465 
0.22871504213801904792 0.61623678828737249447 0.15504816957460845761 
0.23661321405231133808 0.61276387668977005951 0.15062290925791857465 
0.23170937840528846308 0.62277648392324513882 0.14551413767146637035 
0.32072761287171130951 0.52249181041043901708 0.15678057671784970117 
0.30893536467528542877 0.54262712809461188801 0.14843750723010276649 
0.28242358706581699446 0.57715955846431898912 0.14041685446986407193 
0.30245076389192188104 0.54128449219072505283 0.15626474391735309388 
0.30043826151090552434 0.54228552884101099973 0.15727620964808347592 
