0.05563868452931540476 0.00000000099999999997 0.07963651065890332836 0.86472480281178110140 0.00000000099999999997 
0.01776445778277070675 0.00000000099999999996 0.09257516084636523146 0.88966037937086417386 0.00000000099999999996 
0.05932699572024858342 0.00000000099999999998 0.08329107900339360882 0.85738192327635776024 0.00000000099999999998 
0.03959760584623066293 0.00000000099999999997 0.08221065591312698428 0.87819173624064228445 0.00000000099999999997 
0.00000000099999999955 0.00000000099999999955 0.00000000099999999955 0.99999999599999989108 0.00000000099999999955 
0.00000000099999999956 0.00000000099999999956 0.00000000099999999956 0.99999999599999989108 0.00000000099999999956 
0.00000000099999999953 0.00000000099999999953 0.00000000099999999953 0.99999999599999989108 0.00000000099999999953 
0.00000000099999999957 0.00000000099999999957 0.00000000099999999957 0.99999999599999989108 0.00000000099999999957 
0.00000000099999999960 0.00000000099999999960 0.00000000099999999960 0.99999999599999989108 0.00000000099999999960 
0.00000000099999999957 0.00000000099999999957 0.00000000099999999957 0.99999999600000000211 0.00000000099999999957 
0.00000000099999999981 0.00000000099999999981 0.00000000099999999981 0.99999999600000000211 0.00000000099999999981 
0.00000000099999999985 0.00000000099999999985 0.00000000099999999985 0.99999999599999989108 0.00000000099999999985 
0.00000000099999999983 0.00000000099999999983 0.00000000099999999983 0.99999999600000000211 0.00000000099999999983 
0.00000000099999999983 0.00000000099999999983 0.00000000099999999983 0.99999999599999989108 0.00000000099999999983 
0.00000000099999999949 0.00000000099999999949 0.00000000099999999949 0.99999999599999989108 0.00000000099999999949 
0.00000000099999999947 0.00000000099999999947 0.00000000099999999947 0.99999999600000000211 0.00000000099999999947 
0.00000000099999999977 0.00000000099999999977 0.06464942471713036598 0.93535057228286966335 0.00000000099999999977 
0.00000000099999999986 0.00000000099999999986 0.00000000099999999986 0.99999999599999989108 0.00000000099999999986 
0.00000000099999999984 0.00000000099999999984 0.00000000099999999984 0.99999999600000000211 0.00000000099999999984 
0.00000000099999999981 0.00000000099999999981 0.00000000099999999981 0.99999999600000000211 0.00000000099999999981 
0.00000000099999999952 0.00000000099999999952 0.00000000099999999952 0.99999999600000000211 0.00000000099999999952 
0.00000000099999999953 0.00000000099999999953 0.00000000099999999953 0.99999999600000000211 0.00000000099999999953 
0.63595839838216428053 0.01472618861745679693 0.34931541100037888370 0.00000000099999999995 0.00000000099999999995 
0.63017493989477635363 0.00000000099999999994 0.36982505710522373121 0.00000000099999999994 0.00000000099999999994 
0.56651716573909116637 0.01266300086304498161 0.42081983139786377501 0.00000000099999999993 0.00000000099999999993 
0.66942246736627231130 0.02024646482288562990 0.31033106581084196618 0.00000000099999999995 0.00000000099999999995 
0.60193976442356134093 0.01702297447287347970 0.38103725910356522899 0.00000000099999999995 0.00000000099999999995 
0.98380048936623953892 0.00000000099999999993 0.01619950763376061184 0.00000000099999999993 0.00000000099999999993 
0.99917216206866177330 0.00000000099999999993 0.00082783493133821971 0.00000000099999999993 0.00000000099999999993 
0.99999999600000011313 0.00000000099999999991 0.00000000099999999991 0.00000000099999999991 0.00000000099999999991 
0.96420535016040176401 0.00000000099999999993 0.03579464683959822369 0.00000000099999999993 0.00000000099999999993 
0.99200476761885503230 0.00000000099999999991 0.00799522938114492938 0.00000000099999999991 0.00000000099999999991 
0.59320835555226436586 0.01760477930768024335 0.38918686314005551674 0.00000000099999999993 0.00000000099999999993 
0.59085808335712330930 0.01697422254915983281 0.39216769209371699079 0.00000000099999999993 0.00000000099999999993 
0.58337667689355221512 0.01125907846630102779 0.40536424264014675467 0.00000000099999999992 0.00000000099999999992 
0.60889930097931765918 0.02251547669271417723 0.36858522032796825485 0.00000000099999999994 0.00000000099999999994 
0.59807286300042417082 0.01478834003605528948 0.38713879496352049392 0.00000000099999999994 0.00000000099999999994 
0.64005783131142413023 0.00004691362925167964 0.35989525305932434929 0.00000000099999999994 0.00000000099999999994 
0.61936964874200595155 0.00000000099999999996 0.38063034825799413330 0.00000000099999999996 0.00000000099999999996 
0.99999999600000011313 0.00000000099999999981 0.00000000099999999981 0.00000000099999999981 0.00000000099999999981 
0.99999999600000011313 0.00000000099999999977 0.00000000099999999977 0.00000000099999999977 0.00000000099999999977 
0.99999999600000011313 0.00000000099999999977 0.00000000099999999977 0.00000000099999999977 0.00000000099999999977 
0.99999999600000000211 0.00000000099999999984 0.00000000099999999984 0.00000000099999999984 0.00000000099999999984 
0.99999999600000011313 0.00000000099999999980 0.00000000099999999980 0.00000000099999999980 0.00000000099999999980 
0.01180247660934029275 0.00000000099999999996 0.23061650212375822688 0.75758101926690157857 0.00000000099999999996 
0.00000000099999999997 0.00000000099999999997 0.23008976292810787156 0.76991023407189196348 0.00000000099999999997 
0.00000000099999999994 0.00000000099999999994 0.21164135792225996502 0.78835863907773995329 0.00000000099999999994 
0.00042122873182789928 0.00000000099999999997 0.23424978522811454318 0.76532898404005755832 0.00000000099999999997 
0.01052012218555544755 0.00000000099999999998 0.22652703019159586839 0.76295284562284859664 0.00000000099999999998 
0.00000000099999999998 0.00000000099999999998 0.22791484034284326121 0.77208515665715671261 0.00000000099999999998 
0.01569315138701015203 0.00000000099999999998 0.22838669762768451510 0.75592014898530535127 0.00000000099999999998 
0.00000000099999999996 0.00000000099999999996 0.23966400855144823212 0.76033598844855165844 0.00000000099999999996 
0.00000000099999999996 0.00000000099999999996 0.22572207945023367581 0.77427791754976615923 0.00000000099999999996 
0.00000000099999999993 0.00000000099999999993 0.10077819828888913423 0.89922179871111085347 0.00000000099999999993 
0.00000000099999999994 0.00000000099999999994 0.10599224375204303883 0.89400775324795689336 0.00000000099999999994 
0.00313301354669584531 0.00000003221976022054 0.22790535820589419291 0.76896159502764971361 0.00000000099999999998 
0.00000000099999999992 0.00000000099999999992 0.00000690433848137036 0.99999309266151870101 0.00000000099999999992 
0.00000000099999999993 0.00000000099999999993 0.00712154822739093779 0.99287844877260900134 0.00000000099999999993 
0.00000000099999999985 0.00000000099999999985 0.00000000099999999985 0.99999999599999989108 0.00000000099999999985 
0.00000000099999999986 0.00000000099999999986 0.00000000099999999986 0.99999999600000000211 0.00000000099999999986 
0.00000000099999999993 0.00000000099999999993 0.00731769389901856804 0.99268230310098137803 0.00000000099999999993 
0.00000000099999999990 0.00000000099999999990 0.00000000099999999990 0.99999999600000000211 0.00000000099999999990 
0.00000000099999999990 0.00000000099999999990 0.00000000099999999990 0.99999999600000000211 0.00000000099999999990 
0.05476823568668929415 0.00009821496960209183 0.25762701490980793873 0.68750653343390055738 0.00000000100000000000 
0.07242855174493850745 0.00442857760195247436 0.27225629867738637691 0.65088657097572266697 0.00000000100000000000 
0.00000000099999999993 0.00000000099999999993 0.02070049344452115289 0.97929950355547878971 0.00000000099999999993 
0.00000000099999999994 0.00000000099999999994 0.01960212257520526150 0.98039787442479475743 0.00000000099999999994 
0.00000000099999999998 0.00000000099999999998 0.11578203503687223286 0.88421796196312774097 0.00000000099999999998 
0.00000000099999999988 0.00000000099999999988 0.00000000099999999988 0.99999999599999989108 0.00000000099999999988 
0.00000000099999999989 0.00000000099999999989 0.00000000099999999989 0.99999999599999989108 0.00000000099999999989 
0.00000000099999999996 0.00000000099999999996 0.12739043436252339703 0.87260956263747657680 0.00000000099999999996 
0.99714272016767457885 0.00000000099999999991 0.00285727683232540886 0.00000000099999999991 0.00000000099999999991 
0.99999999600000000211 0.00000000099999999987 0.00000000099999999987 0.00000000099999999987 0.00000000099999999987 
0.99999999600000000211 0.00000000099999999987 0.00000000099999999987 0.00000000099999999987 0.00000000099999999987 
0.99999999600000011313 0.00000000099999999991 0.00000000099999999991 0.00000000099999999991 0.00000000099999999991 
0.99999999600000011313 0.00000000099999999992 0.00000000099999999992 0.00000000099999999992 0.00000000099999999992 
0.36145577951851376453 0.03080174132647438626 0.54309316913134986216 0.03901536905992894488 0.02563394096373297626 
0.37306895194041822528 0.04234905626404506657 0.50180461533641707028 0.05006171554487064829 0.03271566091424907979 
0.37399292809028128470 0.04141365131865942795 0.51666376092640864393 0.04774286202440735510 0.02018679764024331261 
0.34202888975392758963 0.03155654124054119852 0.59052769273244243298 0.03586931610028738088 0.00001756017280146205 
0.41214342003292842032 0.03836003312842307944 0.49004134423853423774 0.04542217237513776484 0.01403303022497649245 
0.05579175581570845754 0.00000000099999999997 0.01755295033579941030 0.00000000099999999997 0.92665529184849215749 
0.05284133732715443760 0.00000000099999999998 0.03019848957642655082 0.00000000099999999998 0.91696017109641891896 
0.03109611586762791452 0.00000000099999999997 0.00229166101318287576 0.00000000099999999997 0.96661222111918920774 
0.05547385909358541062 0.00000000099999999997 0.00873246497756017225 0.00000000099999999997 0.93579367392885437482 
0.03263093454448830893 0.00000000099999999997 0.00000095637096434313 0.00000000099999999997 0.96736810708454734620 
0.10765711477110836980 0.71449599768856097981 0.16561549269127973094 0.00000000099999999999 0.01223139384905100845 
0.12487943476379850805 0.69005292915481419858 0.17703800861020307922 0.00000000099999999999 0.00802962647118420775 
0.08240759343361693523 0.72027917586170719932 0.18795904069551336302 0.00000000100000000000 0.00935418900916258449 
0.07347644411580457613 0.74353866407957358575 0.16610975007772932344 0.00000000099999999999 0.01687514072689252215 
0.08004230801002777673 0.75110630073114781347 0.15873919709989958715 0.00000000099999999998 0.01011219315892487695 
0.02186012814592441442 0.96232298501192381490 0.01581688484215173704 0.00000000099999999996 0.00000000099999999996 
0.00000000099999999994 0.99999997257161166164 0.00000002442838838764 0.00000000099999999994 0.00000000099999999994 
0.01696752353642237351 0.98263190006299483414 0.00040057440058277469 0.00000000099999999994 0.00000000099999999994 
0.02187115922081331668 0.96804148596483019507 0.01008735281435658646 0.00000000099999999995 0.00000000099999999995 
0.03560290089475789260 0.96439709610524215755 0.00000000099999999993 0.00000000099999999993 0.00000000099999999993 
0.04791323191533289338 0.00000000099999999997 0.06995961246288716351 0.00000000099999999997 0.88212715362178006906 
0.02131101943206100552 0.00000000099999999998 0.05320555602357874420 0.00000000099999999998 0.92548342254436011256 
0.01453987418974503863 0.00000000099999999998 0.03103841468088858191 0.00000000099999999998 0.95442170912936641347 
0.00000000099999999989 0.00000000099999999989 0.00000000099999999989 0.00000000099999999989 0.99999999599999989108 
0.00000001449655048032 0.00000000099999999996 0.02490840358624171053 0.00000000099999999996 0.97509157991720785130 
0.06645355677822506468 0.00000000099999999999 0.21670693398349757941 0.00000000099999999999 0.71683950723827738472 
0.05994587342116342726 0.00000000099999999997 0.18125021515568562336 0.00000000099999999997 0.75880390942315101288 
0.05773090339616308159 0.00000000099999999997 0.22592370685668497488 0.00000000099999999997 0.71634538774715195153 
0.10810406042391211556 0.00770251701735577728 0.23019720010578523239 0.00000000099999999999 0.65399622145294689091 
0.10937354723985884264 0.00659149682274622235 0.21321515005369626183 0.00000000099999999998 0.67081980488369874482 
0.08496042455673281923 0.00709501432646999879 0.08167373687314111175 0.00000000099999999999 0.82627082324365608290 
0.05972501155968516773 0.00321563931178899627 0.09001894550851798071 0.00000000099999999998 0.84704040262000779293 
0.07136964604564229042 0.00267063688456401676 0.10188408092338152588 0.00000000099999999999 0.82407563514641213320 
0.02365103611641184919 0.95380980685281657738 0.02253915503077158489 0.00000000099999999996 0.00000000099999999996 
0.04797925967821085186 0.92186143784982843563 0.03015930047196058519 0.00000000099999999996 0.00000000099999999996 
0.00000000099999999995 0.96441370054056763106 0.03558629645943244685 0.00000000099999999995 0.00000000099999999995 
0.02960633415614339833 0.00000000099999999996 0.00000012078144756731 0.00000000099999999996 0.97039354306240910297 
0.03719183319377533659 0.00227679453664826571 0.02457012686040581373 0.00000000099999999997 0.93596124440917061182 
0.04016137893418820354 0.00046857949933252395 0.01541610010874822426 0.00000000099999999997 0.94395394045773117764 
0.05203969846704601526 0.00000000099999999995 0.00245134597700281476 0.00000000099999999995 0.94550895355595121483 
0.02987995640419007989 0.00000000099999999995 0.00000000099999999995 0.00000000099999999995 0.97012004059580980719 
0.02026155253797139524 0.00000000099999999993 0.02175623688383393137 0.00000000099999999993 0.95798220857819471608 
0.02911924540381203783 0.00000000099999999995 0.05654977362727132972 0.00000000099999999995 0.91433097896891657452 
0.03446326381236233805 0.00000000099999999995 0.00000000099999999995 0.00000000099999999995 0.96553673318763755251 
0.02917502380361138709 0.00000000099999999994 0.00000000099999999994 0.00000000099999999994 0.97082497319638871858 
0.05508785920165444605 0.00000000099999999995 0.00000000099999999995 0.00000000099999999995 0.94491213779834559716 
0.00000000099999999990 0.00000000099999999990 0.00000000099999999990 0.00000000099999999990 0.99999999599999989108 
0.00000000099999999991 0.00000000099999999991 0.00000000099999999991 0.00000000099999999991 0.99999999600000000211 
0.00000000099999999989 0.00000000099999999989 0.00000000099999999989 0.00000000099999999989 0.99999999600000000211 
0.00000000099999999994 0.00000000099999999994 0.00000000099999999994 0.00000000099999999994 0.99999999599999989108 
0.00000000099999999993 0.00000000099999999993 0.00000000099999999993 0.00000000099999999993 0.99999999599999989108 
0.00000000099999999993 0.99999999600000011313 0.00000000099999999993 0.00000000099999999993 0.00000000099999999993 
0.00000000099999999995 0.99999999600000011313 0.00000000099999999995 0.00000000099999999995 0.00000000099999999995 
0.00009036627356761491 0.99990920409275507730 0.00000042763367730017 0.00000000099999999995 0.00000000099999999995 
0.00000000099999999981 0.99999999600000011313 0.00000000099999999981 0.00000000099999999981 0.00000000099999999981 
0.00373344263407036350 0.99626655436592959081 0.00000000099999999996 0.00000000099999999996 0.00000000099999999996 
0.18333289501584798531 0.01118991188593313445 0.06717288455184752816 0.00000000099999999998 0.73830430754637133006 
0.13594418021311113765 0.01310226649178380248 0.08693261254764673984 0.00000000099999999999 0.76402093974745832750 
0.10796722170684945608 0.01019741255183704252 0.03528302596939449781 0.00000000099999999998 0.84655233877191904401 
0.14753502497232165447 0.01121278712153238842 0.05849691274242849875 0.00000000099999999999 0.78275527416371759593 
0.13276769215203962360 0.00470452986629271014 0.06159003661288315473 0.00000000099999999998 0.80093774036878451206 
0.21149695231386411720 0.00000000099999999996 0.00000000099999999996 0.00000000099999999996 0.78850304468613585662 
0.24633121010290010000 0.00000000099999999989 0.00000000099999999989 0.00000000099999999989 0.75366878689709992933 
0.22681479781136343332 0.00000000099999999990 0.00000000099999999990 0.00000000099999999990 0.77318519918863648499 
0.22010684922415968412 0.00000000099999999988 0.00000000099999999988 0.00000000099999999988 0.77989314777584040073 
0.22347668902108350220 0.00000000099999999990 0.00000000099999999990 0.00000000099999999990 0.77652330797891655489 
0.05815487553670616039 0.00000000099999999997 0.00000000099999999997 0.00000000099999999997 0.94184512146329379956 
0.01278245727611096103 0.00000000099999999998 0.00005691342362032115 0.00000000099999999998 0.98716062730026876704 
0.03424936340282110775 0.00000000099999999997 0.00000000099999999997 0.00000000099999999997 0.96575063359717894240 
0.00006078096974833903 0.00000000099999999995 0.00000000099999999995 0.00000000099999999995 0.99993921603025159861 
0.02461497965874135177 0.00000000099999999995 0.00000000099999999995 0.00000000099999999995 0.97538501734125859777 
0.00000000099999999947 0.99999999600000011313 0.00000000099999999947 0.00000000099999999947 0.00000000099999999947 
0.00000000099999999977 0.99999999600000000211 0.00000000099999999977 0.00000000099999999977 0.00000000099999999977 
0.00000000099999999967 0.99999999600000011313 0.00000000099999999967 0.00000000099999999967 0.00000000099999999967 
0.00000000099999999951 0.99999999600000000211 0.00000000099999999951 0.00000000099999999951 0.00000000099999999951 
0.00000000099999999965 0.99999999600000000211 0.00000000099999999965 0.00000000099999999965 0.00000000099999999965 
0.14120809167914999405 0.00896378855901064538 0.33112387421919770025 0.00572954157943270179 0.51297470396320898889 
0.15655375702474247368 0.01513780155337059695 0.30856124461501954759 0.00426789149573276756 0.51547930531113461683 
0.17155345399913482507 0.00752489895218886196 0.32407170629418652341 0.00313978273055710725 0.49371015802393275473 
0.16890494356214824645 0.01297886909069539269 0.33629238636968400433 0.00521255646849123379 0.47661124450898112448 
0.17609644503886209832 0.01185956348702963542 0.32059155012528689488 0.00041837714620553390 0.49103406420261591636 
0.12343489692188090723 0.00000000099999999996 0.00000000099999999996 0.00000000099999999996 0.87656510007811916374 
0.13377796380018536215 0.00000000099999999993 0.00000000099999999993 0.00000000099999999993 0.86622203319981472269 
0.13014906744658311100 0.00000000099999999997 0.00026556615941742057 0.00000000099999999997 0.86958536439399936047 
0.13626108181597257341 0.00000000099999999997 0.00000000099999999997 0.00000000099999999997 0.86373891518402745593 
0.12002205883543512477 0.00000000099999999997 0.00200387583918544294 0.00000000099999999997 0.87797406332537930584 
0.00000000099999999993 0.00000000099999999993 0.00000000099999999993 0.00000000099999999993 0.99999999600000000211 
0.00000000099999999993 0.00000000099999999993 0.00000000099999999993 0.00000000099999999993 0.99999999599999989108 
0.00000000099999999991 0.00000000099999999991 0.00000000099999999991 0.00000000099999999991 0.99999999600000000211 
0.00000000099999999990 0.00000000099999999990 0.00000000099999999990 0.00000000099999999990 0.99999999600000000211 
0.00000000099999999993 0.00000000099999999993 0.00000000099999999993 0.00000000099999999993 0.99999999599999989108 
0.09119882072722031163 0.00457269087194356154 0.12960019157505570098 0.00000000099999999998 0.77462829582578041077 
0.08631275929643185407 0.00183545499326671978 0.10717838807907176246 0.00000000099999999998 0.80467339663122972038 
0.10797184467606080194 0.00000002494219387585 0.10071549749529826179 0.00000000099999999998 0.79131263188644695994 
0.09479539738289473327 0.01056131901814421313 0.15960036308218006340 0.00000000099999999999 0.73504291951678091266 
0.11997041945985112421 0.00742891693992594592 0.15820435038949920425 0.00000000099999999999 0.71439631221072374956 
0.01166638539024015750 0.00107154993720574659 0.11183358299002357783 0.00000000099999999998 0.87542848068253042992 
0.02179090619675211685 0.00000000099999999998 0.10773528308365062922 0.00000000099999999998 0.87047380871959711968 
0.00866781769475237496 0.00000006083914777407 0.10672798874146820214 0.00000000099999999999 0.88460413172463159270 
0.00992868289398556730 0.00000000099999999999 0.10195577959320015204 0.00000000099999999999 0.88811553551281430252 
0.00000000099999999998 0.00000000099999999998 0.09196346591929921432 0.00000000099999999998 0.90803653108070081501 
0.44009233398421271355 0.03442901191162024699 0.48097214604585036835 0.04450650705831653980 0.00000000100000000000 
0.43437896634155892528 0.03906759711337349367 0.46970746336042040747 0.05684597218464717411 0.00000000099999999999 
0.44975537107101642986 0.03278950195763563613 0.46763461513168941286 0.04982051083965838983 0.00000000100000000000 
0.80707332350612592808 0.00000000099999999999 0.17484789636073277963 0.00000000099999999999 0.01807877813314135579 
0.69261262818410185282 0.00000000100000000000 0.29071260872593251978 0.00000176619789264883 0.01667299589207314747 
0.13924759600181432773 0.78739534855281834158 0.07335705344536735950 0.00000000099999999998 0.00000000099999999998 
0.14697195164730295081 0.73877842362411882959 0.11339874053558716971 0.00000000099999999998 0.00085088319299111504 
0.10143462504184735939 0.83382493925700174042 0.06474043370115085960 0.00000000099999999996 0.00000000099999999996 
0.12310232460339573524 0.79680072011103197926 0.08009695328557227267 0.00000000099999999997 0.00000000099999999997 
0.07097257666460364545 0.84049314248449136233 0.08853427885090502103 0.00000000099999999997 0.00000000099999999997 
0.11210602962991236820 0.72166098114692078802 0.15178052331912328388 0.00000000099999999999 0.01445246490404355176 
0.11915390120767052617 0.79302075091562751474 0.08782534587670197401 0.00000000099999999998 0.00000000099999999998 
0.11468572466798884757 0.77445027183699433060 0.11086400149501667023 0.00000000099999999998 0.00000000099999999998 
0.06781462669272404764 0.82719608765491736690 0.10498928365235865590 0.00000000099999999998 0.00000000099999999998 
0.07601018481427532225 0.86397356515754430983 0.06001624802818038978 0.00000000099999999997 0.00000000099999999997 
0.08938859408757922342 0.80900527248878617570 0.10160613142363456030 0.00000000099999999998 0.00000000099999999998 
0.11062451820619939591 0.77627392031793052141 0.11310155947587018088 0.00000000099999999999 0.00000000099999999999 
0.12451998504956057756 0.71783014637553765880 0.15764986657490162592 0.00000000099999999995 0.00000000099999999995 
0.18693077037842878441 0.74032760420896104314 0.07274162341261011799 0.00000000099999999997 0.00000000099999999997 
0.09976400412849936727 0.77898272620351605156 0.11450050091870697666 0.00000000099999999998 0.00675276774927756080 
0.12944900474898196618 0.70531065263259873355 0.16524034061841930132 0.00000000099999999995 0.00000000099999999995 
0.11085268819891185010 0.80596242482586666345 0.08318488497522168179 0.00000000099999999998 0.00000000099999999998 
0.10949136097965794789 0.79296309602706471775 0.09754554099327739092 0.00000000099999999998 0.00000000099999999998 
0.10563894496160891601 0.73054334903302364790 0.16381770400536749266 0.00000000099999999997 0.00000000099999999997 
0.00324836765971366764 0.91276906449976935587 0.08398256584051683182 0.00000000099999999998 0.00000000099999999998 
0.00000000099999999996 0.94529463089374243800 0.05470536610625766766 0.00000000099999999996 0.00000000099999999996 
0.05277629835387131346 0.00000000099999999997 0.02270087529388319439 0.00000000099999999997 0.92452282435224542034 
0.06942295505173694259 0.00000000099999999996 0.08080779702127356690 0.00000000099999999996 0.84976924592698954708 
0.06265383726946939513 0.00000000099999999997 0.05365617116574585010 0.00000000099999999997 0.88368998956478472806 
0.05615292903153347448 0.00000000099999999998 0.00528496955846417295 0.00000000099999999998 0.93856209941000223740 
0.06027690680129987877 0.00000000099999999997 0.01578544457691874459 0.00000000099999999997 0.92393764662178146096 
0.00000000099999999963 0.99999999600000000211 0.00000000099999999963 0.00000000099999999963 0.00000000099999999963 
0.00000000099999999959 0.99999999600000011313 0.00000000099999999959 0.00000000099999999959 0.00000000099999999959 
0.09628062920204198682 0.00270987181867869556 0.18172285570121837761 0.00000000099999999997 0.71928664227806082820 
0.15270800490341052136 0.01308846781866782570 0.10614151618686755441 0.00000000099999999998 0.72806201009105409039 
0.12851532283823519087 0.00036500812850079513 0.24843714288621537856 0.00000000099999999996 0.62268252514704869327 
0.14625844638313392765 0.00858090703504904226 0.09012386119970272613 0.00000000099999999998 0.75503678438211441204 
0.11520626930148691880 0.00596050244723587974 0.06229221949883883419 0.00000000099999999998 0.81654100775243843024 
0.45165460976461985210 0.04204173055144420218 0.50629743913213165474 0.00000000099999999999 0.00000621955180438828 
0.44394466516788683164 0.05311848006580691811 0.47271153169436536112 0.00000000099999999998 0.03022532207194108395 
0.45809573530447700307 0.04164469237414260977 0.48669666811824652264 0.00000000099999999999 0.01356290320313393097 
0.44540639003367710202 0.03481745796919263891 0.51924276782080514003 0.00000000099999999998 0.00053338317632522570 
0.43810886709357488300 0.03994546238750704137 0.52183299402671201594 0.00000000099999999999 0.00011267549220606268 
0.00000000849906024896 0.00000000099999999994 0.00000000099999999994 0.00000000099999999994 0.99999998850093974045 
0.00000000099999999986 0.00000000099999999986 0.00000000099999999986 0.00000000099999999986 0.99999999600000000211 
0.00000000099999999989 0.00000000099999999989 0.00000000099999999989 0.00000000099999999989 0.99999999600000000211 
0.00009287928761555959 0.00000000099999999992 0.00000000099999999992 0.00000000099999999992 0.99990711771238438565 
0.00463718014760993672 0.00000000099999999995 0.00000000099999999995 0.00000000099999999995 0.99536281685238992001 
0.37228379454544818783 0.00000000099999999999 0.09972906929365132900 0.00000000099999999999 0.52798713416090048423 
0.31965305461623716443 0.00209630320474205175 0.11431444864817286167 0.00000000099999999999 0.56393619253084781295 
0.33033092929031493412 0.00000000099999999999 0.16193126474367144918 0.00000000099999999999 0.50773780396601364551 
0.37054694587635023106 0.00000000099999999999 0.15268794405395602620 0.00000000099999999999 0.47676510806969363276 
0.65890471420466834029 0.00000000099999999998 0.05309362161651210582 0.00000000099999999998 0.28800166217881967290 
0.07069500861194381869 0.83983844599788382013 0.08946654339017236224 0.00000000099999999998 0.00000000099999999998 
0.09550282695455748760 0.82610529645175090341 0.07839187459369174882 0.00000000099999999998 0.00000000099999999998 
0.11161701581540688089 0.76994872831583449635 0.11843425386875863770 0.00000000099999999998 0.00000000099999999998 
0.09104954487133667951 0.80906237032075023485 0.09901256087911680659 0.00000000099999999998 0.00087552292879628511 
0.10600395010893456926 0.78267530791070238916 0.11132073998036302875 0.00000000099999999998 0.00000000099999999998 
0.10003848783487344354 0.80777526352704775991 0.09218624663807890862 0.00000000099999999999 0.00000000099999999999 
0.00000000099999999980 0.00000000099999999980 0.00000000099999999980 0.00000000099999999980 0.99999999600000000211 
0.00000000099999999981 0.00000000099999999981 0.00000000099999999981 0.00000000099999999981 0.99999999599999989108 
0.00000000099999999984 0.00000000099999999984 0.00000000099999999984 0.00000000099999999984 0.99999999600000000211 
0.00000000099999999978 0.00000000099999999978 0.00000000099999999978 0.00000000099999999978 0.99999999599999989108 
0.00000000099999999979 0.00000000099999999979 0.00000000099999999979 0.00000000099999999979 0.99999999600000000211 
0.00000000099999999948 0.99999999600000011313 0.00000000099999999948 0.00000000099999999948 0.00000000099999999948 
0.00000000099999999941 0.99999999600000000211 0.00000000099999999941 0.00000000099999999941 0.00000000099999999941 
0.00000000099999999959 0.99999999600000000211 0.00000000099999999959 0.00000000099999999959 0.00000000099999999959 
0.00000000099999999943 0.99999999600000011313 0.00000000099999999943 0.00000000099999999943 0.00000000099999999943 
0.00000000099999999940 0.99999999600000011313 0.00000000099999999940 0.00000000099999999940 0.00000000099999999940 
0.01917162555553008144 0.00000000099999999995 0.19024504634287484062 0.00000000099999999995 0.79058332610159509635 
0.06137561684458164857 0.00000000099999999995 0.19505320259503064473 0.00000000099999999995 0.74357117856038768000 
0.04819701429322724440 0.00000000099999999995 0.18845370134145114638 0.00000000099999999995 0.76334928236532151313 
0.09207838160273341954 0.00000000099999999997 0.10260685682254709616 0.00000000099999999997 0.80531475957471942984 
0.05948412849623892912 0.00000000099999999994 0.17938149537875205941 0.00000000099999999994 0.76113437412500895007 
0.00000000099999999940 0.99999999600000000211 0.00000000099999999940 0.00000000099999999940 0.00000000099999999940 
0.00000000099999999934 0.99999999600000000211 0.00000000099999999934 0.00000000099999999934 0.00000000099999999934 
0.00000000099999999941 0.99999999600000011313 0.00000000099999999941 0.00000000099999999941 0.00000000099999999941 
0.00000000099999999936 0.99999999600000000211 0.00000000099999999936 0.00000000099999999936 0.00000000099999999936 
0.00000000099999999940 0.99999999600000000211 0.00000000099999999940 0.00000000099999999940 0.00000000099999999940 
0.19532474886943557157 0.69330686735945623589 0.11136838177110822135 0.00000000099999999998 0.00000000099999999998 
0.21069934247732713395 0.67083590010588856067 0.11846475541678430643 0.00000000099999999998 0.00000000099999999998 
0.22089956580911274120 0.67065829917932329174 0.10844213301156407914 0.00000000099999999996 0.00000000099999999996 
0.19247858661479502751 0.62108843544149072713 0.18643297594371424641 0.00000000099999999993 0.00000000099999999993 
0.23460278373032783517 0.69664352362449444289 0.06875369064517786177 0.00000000099999999994 0.00000000099999999994 
0.09829416714764616092 0.00000000099999999997 0.08638816233653143217 0.00000000099999999997 0.81531766851582232469 
0.09382839544590354519 0.00661491298794188338 0.10973265456427461206 0.00000000099999999998 0.78982403600187989223 
0.09262189083893701547 0.00000000099999999996 0.16399020920494969400 0.00000000099999999996 0.74338789795611326383 
0.07252077964049034875 0.00000000099999999997 0.18795241799520703840 0.00000000099999999997 0.73952680036430251675 
0.09455227363869042612 0.90544772336130963097 0.00000000099999999995 0.00000000099999999995 0.00000000099999999995 
0.15695049519564951979 0.84297457947268283895 0.00007492333166776428 0.00000000099999999994 0.00000000099999999994 
0.11982211253951162433 0.88017788446048828011 0.00000000099999999992 0.00000000099999999992 0.00000000099999999992 
0.04750661189234523657 0.95249338510765491073 0.00000000099999999990 0.00000000099999999990 0.00000000099999999990 
0.07129522525945979072 0.92870477174054011371 0.00000000099999999991 0.00000000099999999991 0.00000000099999999991 
0.05169279327724916190 0.00774748347358031331 0.17229113396552553361 0.00000000099999999999 0.76826858828364508192 
0.04247072932402898293 0.00573584543479004061 0.12105119495118343842 0.00000000099999999999 0.83074222928999763571 
0.05531835759212883064 0.00178104296363231418 0.16772568436016177529 0.00000000099999999999 0.77517491408407701581 
0.01011858562610024916 0.00003682796415510046 0.14722802643911717113 0.00000000099999999999 0.84261655897062748277 
0.00000000099999999998 0.00000000099999999998 0.10863759649069902602 0.00000000099999999998 0.89136240050930104495 
0.43926029801440902300 0.02080586930594209225 0.05112546042835779125 0.00000000099999999997 0.48880837125129106280 
0.47505750996474943593 0.01887125691832357288 0.04554400945548019858 0.00000000099999999996 0.46052722266144680008 
0.43680702532887072387 0.01087636898843407501 0.05409464943468588610 0.00000000099999999997 0.49822195524800949595 
0.43541886463359447124 0.01613711325869441812 0.03959189214926171069 0.00000000099999999997 0.50885212895844944558 
0.18994523808346375215 0.00856967425654519936 0.05672349736432960587 0.00000000099999999999 0.74476158929566149691 
0.01371128542444812956 0.00000000411947640191 0.08686815992728225133 0.00000000099999999998 0.89942054952879324503 
0.05434496082210481943 0.00000000099999999998 0.08386547945915127922 0.00000000099999999998 0.86178955771874388159 
0.01367853696414340729 0.00001575794281332901 0.08998766149945565396 0.00000000099999999998 0.89631804259358771603 
0.05433122708956489300 0.00000000099999999998 0.11373168958842222453 0.00000000099999999998 0.83193708132201282801 
0.02996821086449721200 0.00000000099999999998 0.08679119011787600479 0.00000000099999999998 0.88324059701762691610 
0.32622605036967006198 0.02280996373647558445 0.63003327041310719370 0.00000000099999999999 0.02093071448074706326 
0.39298396381853312187 0.01930251357494633391 0.56664895082614963329 0.00363135222519778622 0.01743321955517305663 
0.43775395533089428435 0.02437635489210962514 0.51245702018016037194 0.00000029352091225895 0.02541237607592355605 
0.00000000099999999975 0.00000000099999999975 0.99999999599999989108 0.00000000099999999975 0.00000000099999999975 
0.00000000099999999975 0.00000000099999999975 0.99999999600000000211 0.00000000099999999975 0.00000000099999999975 
0.00000000099999999976 0.00000000099999999976 0.99999999600000000211 0.00000000099999999976 0.00000000099999999976 
0.00000000099999999991 0.00000000099999999991 0.99999999599999989108 0.00000000099999999991 0.00000000099999999991 
0.00000000099999999975 0.00000000099999999975 0.99999999599999989108 0.00000000099999999975 0.00000000099999999975 
0.00000000099999999974 0.00000000099999999974 0.99999999599999989108 0.00000000099999999974 0.00000000099999999974 
0.00000000099999999984 0.00000000099999999984 0.99999999600000000211 0.00000000099999999984 0.00000000099999999984 
0.00000000099999999988 0.00000000099999999988 0.99999999599999989108 0.00000000099999999988 0.00000000099999999988 
0.00000000099999999987 0.00000000099999999987 0.99999999599999989108 0.00000000099999999987 0.00000000099999999987 
0.00000000099999999986 0.00000000099999999986 0.99999999600000000211 0.00000000099999999986 0.00000000099999999986 
0.00000000099999999998 0.01055299442127086498 0.80536318527454053839 0.00000000099999999998 0.18408381830418862890 
0.00000000099999999997 0.00824575321549507467 0.81172487764535106169 0.00000000099999999997 0.18002936713915379530 
0.00000000099999999998 0.00436441482060566897 0.80739967692690650658 0.00000000099999999998 0.18823590625248787234 
0.00000000099999999998 0.00803316984267205166 0.79720427292856632651 0.00000000099999999998 0.19476255522876165238 
0.00326148665596170083 0.01376260454951981280 0.77375441385536536387 0.00000000099999999999 0.20922149393915315252 
0.00000000099999999982 0.00000000099999999982 0.99999999600000000211 0.00000000099999999982 0.00000000099999999982 
0.00000000099999999979 0.00000000099999999979 0.99999999599999989108 0.00000000099999999979 0.00000000099999999979 
0.00000000099999999983 0.00000000099999999983 0.99999999599999989108 0.00000000099999999983 0.00000000099999999983 
0.00000000099999999980 0.00000000099999999980 0.99999999600000000211 0.00000000099999999980 0.00000000099999999980 
0.00000000099999999982 0.00000000099999999982 0.99999999599999989108 0.00000000099999999982 0.00000000099999999982 
0.05584988373588070654 0.00000000099999999994 0.94415011326411935055 0.00000000099999999994 0.00000000099999999994 
0.00000000099999999982 0.00000000099999999982 0.99999999599999989108 0.00000000099999999982 0.00000000099999999982 
0.00000000099999999980 0.00000000099999999980 0.99999999600000000211 0.00000000099999999980 0.00000000099999999980 
0.00000000099999999983 0.00000000099999999983 0.99999999600000000211 0.00000000099999999983 0.00000000099999999983 
0.00000000099999999980 0.00000000099999999980 0.99999999599999989108 0.00000000099999999980 0.00000000099999999980 
0.00000000099999999988 0.00000000099999999988 0.99999999600000000211 0.00000000099999999988 0.00000000099999999988 
0.00000000099999999987 0.00000000099999999987 0.99999999599999989108 0.00000000099999999987 0.00000000099999999987 
0.00000000099999999982 0.00000000099999999982 0.99999999600000000211 0.00000000099999999982 0.00000000099999999982 
0.00000000099999999988 0.00000000099999999988 0.99999999599999989108 0.00000000099999999988 0.00000000099999999988 
0.00000000099999999985 0.00000000099999999985 0.99999999599999989108 0.00000000099999999985 0.00000000099999999985 
